15,
17,
15,
17,
15,
17,
15,
17,
15,
17,
15,
17,
15,
17,
15,
17,
15,
17,
15,
17,
15,
17,
15,
17,
15,
17,
15,
17,
15,
17,
15,
17,
15,
17,
15,
17,
15,
17,
15,
17,
15,
17,
15,
17,
15,
17,
15,
17,
15,
17,
15,
17,
15,
17,
15,
17,
15,
17,
15,
17,
15,
17,
15,
17,
15,
12,
15,
12,
15,
11,
15,
11,
15,
11,
15,
18,
15,
17,
15,
6,
15,
8,
15,
7,
15,
8,
15,
10,
15,
6,
15,
8,
15,
6,
15,
12,
15,
17,
15,
8,
15,
12,
15,
12,
15,
13,
15,
12,
15,
12,
15,
12,
15,
11,
15,
12,
15,
6,
15,
8,
15,
9,
15,
9,
15,
9,
15,
12,
15,
17,
15,
18,
15,
12,
15,
15,
15,
15,
15,
12,
15,
12,
15,
14,
15,
14,
15,
7,
15,
7,
15,
14,
15,
11,
15,
17,
15,
15,
15,
17,
15,
12,
15,
17,
15,
15,
15,
11,
15,
16,
15,
18,
15,
18,
15,
24,
15,
18,
15,
18,
15,
13,
15,
7,
15,
12,
15,
7,
15,
8,
15,
10,
15,
7,
15,
14,
15,
11,
15,
11,
15,
13,
15,
9,
15,
10,
15,
11,
15,
11,
15,
6,
15,
6,
15,
11,
15,
10,
15,
15,
15,
13,
15,
13,
15,
10,
15,
14,
15,
13,
15,
9,
15,
14,
15,
15,
15,
15,
15,
20,
15,
14,
15,
14,
15,
12,
15,
9,
15,
4,
15,
10,
15,
9,
15,
17,
15,
17,
15,
17,
15,
17,
15,
17,
15,
17,
15,
17,
15,
17,
15,
17,
15,
17,
15,
17,
15,
17,
15,
17,
15,
17,
15,
17,
15,
17,
15,
17,
15,
17,
15,
7,
15,
7,
15,
17,
15,
17,
15,
17,
15,
17,
15,
17,
15,
17,
15,
17,
15,
17,
15,
17,
15,
17,
15,
17,
15,
17,
15,
17,
15,
12,
15,
12,
15,
10,
15,
12,
15,
11,
15,
17,
15,
4,
15,
10,
15,
9,
15,
16,
15,
12,
15,
11,
15,
15,
15,
8,
15,
17,
15,
8,
15,
9,
15,
11,
15,
9,
15,
9,
15,
7,
15,
19,
15,
11,
15,
11,
15,
12,
15,
5,
15,
11,
15,
11,
15,
16,
15,
16,
15,
18,
15,
12,
15,
18,
15,
18,
15,
17,
15,
17,
15,
18,
15,
17,
15,
17,
15,
14,
15,
11,
15,
11,
15,
11,
15,
11,
15,
8,
15,
7,
15,
7,
15,
8,
15,
16,
15,
16,
15,
17,
15,
17,
15,
17,
15,
16,
15,
17,
15,
12,
15,
16,
15,
18,
15,
18,
15,
18,
15,
19,
15,
17,
15,
12,
15,
13,
15,
15,
15,
15,
15,
14,
15,
14,
15,
15,
15,
15,
15,
14,
15,
12,
15,
9,
15,
9,
15,
9,
15,
9,
15,
6,
15,
6,
15,
7,
15,
7,
15,
11,
15,
13,
15,
15,
15,
14,
15,
14,
15,
14,
15,
14,
15,
11,
15,
14,
15,
15,
15,
15,
15,
15,
15,
15,
15,
15,
15,
10,
15,
15,
