Name	Id	Pal	Act	Layer	SizeX	SizeY	OffsetX	OffsetY	Depend	Rain	Mud	NoPer	LOSDraw	FloorFilter	BlankScreen	DrawEdges	IsInside	DrlgType	LevelType	SubType	SubTheme	SubWaypoint	SubShrine	Vis0	Vis1	Vis2	Vis3	Vis4	Vis5	Vis6	Vis7	Warp0	Warp1	Warp2	Warp3	Warp4	Warp5	Warp6	Warp7	Intensity	Red	Green	Blue	Portal	Position	SaveMonsters	Quest	WarpDist	MonLvl1	MonLvl2	MonLvl3	MonDen	MonUMin	MonUMax	MonWndr	MonSpcWalk	Mtot	M1	M2	M3	M4	M5	M6	M7	M8	M9	M10	M11	M12	M13	M14	M15	M16	M17	M18	M19	M20	M21	M22	M23	M24	M25	S1	S2	S3	S4	S5	S6	S7	S8	S9	S10	S11	S12	S13	S14	S15	S16	S17	S18	S19	S20	S21	S22	S23	S24	S25	Utot	U1	U2	U3	U4	U5	U6	U7	U8	U9	U10	U11	U12	U13	U14	U15	U16	U17	U18	U19	U20	U21	U22	U23	U24	U25	C1	C2	C3	C4	C5	CA1	CA2	CA3	CA4	CA5	CD1	CD2	CD3	CD4	CD5	Themes	SoundEnv	Waypoint	LevelName	LevelWarp	EntryFile	ObjGrp0	ObjGrp1	ObjGrp2	ObjGrp3	ObjGrp4	ObjGrp5	ObjGrp6	ObjGrp7	ObjPrb0	ObjPrb1	ObjPrb2	ObjPrb3	ObjPrb4	ObjPrb5	ObjPrb6	ObjPrb7	Beta
Null	0	0	0	0	0	0	0	0	0	0	0	0	0	1	1	0	0	0	0	0	0	0	0	0	0	0	0	0	0	0	0	0	0	0	0	0	0	0	0	0	0	0	0	0	0	0	0	0	0	33	66	0	0	0	0	0	0	0	0	0	0	0	0	0	0	0	0	0	0	0	0	0	0	0	0	0	0	0	0	0	0	0	0	0	0	0	0	0	0	0	0	0	0	0	0	0	0	0	0	0	0	0	0	0	0	0	0	0	0	0	0	0	0	0	0	0	0	0	0	0	0	0	0	0	0	0	0	0	0	0	0	0	0	0	0	0	0	0	0	0	0	0	0	0	0	0	0	0	0	0	255				0	0	0	0	0	0	0	0	0	0	0	0	0	0	0	0	1
Act 1 - Town	1	0	0	0	56	40	-1	-1	0	1	0	0	0	1	1	0	0	2	1	-1	-1	-1	-1	0	0	0	0	0	0	0	0	-1	-1	-1	-1	-1	-1	-1	-1	0	0	0	0	1	1	0	0	2025	0	33	66	0	0	0	0	0	0	0	0	0	0	0	0	0	0	0	0	0	0	0	0	0	0	0	0	0	0	0	0	0	0	0	0	0	0	0	0	0	0	0	0	0	0	0	0	0	0	0	0	0	0	0	0	0	0	0	0	0	0	0	0	0	0	0	0	0	0	0	0	0	0	0	0	0	0	0	0	0	0	0	0	0	0	149	0	0	0	0	30	0	0	0	0	0	0	0	0	0	0	1	0	Rogue Encampment	To The Rogue Encampment	A1L1	0	0	0	0	0	0	0	0	0	0	0	0	0	0	0	0	1
Act 1 - Wilderness 1	2	0	0	0	80	80	-1	-1	0	1	0	0	0	1	1	1	0	3	2	6	0	4	5	0	0	0	8	8	8	8	0	-1	-1	-1	0	1	2	3	-1	0	0	0	0	0	0	1	0	2025	1	34	67	520	0	0	1	0	3	5	19	63	0	0	0	0	0	0	0	0	0	0	0	0	0	0	0	0	0	0	0	0	0	0	0	0	0	0	0	0	0	0	0	0	0	0	0	0	0	0	0	0	0	0	0	0	0	0	0	3	5	19	63	0	0	0	0	0	0	0	0	0	0	0	0	0	0	0	0	0	0	0	0	0	0	0	0	0	0	0	0	0	0	0	0	0	0	0	0	0	0	2	255	Blood Moor	To The Blood Moor	A1L2	4	38	33	34	0	0	0	0	3	17	17	17	0	0	0	0	1
Act 1 - Wilderness 2	3	0	0	0	80	80	1000	1000	0	1	0	0	0	1	1	1	0	3	2	6	1	4	5	0	0	0	9	9	9	9	0	-1	-1	-1	0	1	2	3	-1	0	0	0	0	1	0	1	0	2025	2	35	68	520	1	1	1	0	4	28	43	58	165	0	0	0	0	0	0	0	0	0	0	0	0	0	0	0	0	0	0	0	0	0	0	0	0	0	0	0	0	0	0	0	0	0	0	0	0	0	0	0	0	0	0	0	0	0	0	4	28	43	58	165	0	0	0	0	0	0	0	0	0	0	0	0	0	0	0	0	0	0	0	0	0	0	0	0	0	0	0	0	0	0	0	0	0	0	0	0	0	2	1	Cold Plains	To The Cold Plains	A1L3	4	38	33	34	0	0	0	0	3	22	22	22	0	0	0	0	1
Act 1 - Wilderness 3	4	0	0	0	80	80	1000	1000	0	1	0	0	0	1	1	1	0	3	2	6	2	4	5	0	0	0	10	10	10	10	0	-1	-1	-1	0	1	2	3	-1	0	0	0	0	0	0	1	0	2025	4	37	70	520	1	2	1	0	5	0	6	15	53	160	0	0	0	0	0	0	0	0	0	0	0	0	0	0	0	0	0	0	0	0	0	0	206	0	0	0	0	0	0	0	0	0	0	0	0	0	0	0	0	0	0	0	0	0	0	5	0	6	15	53	160	0	0	0	0	0	0	0	0	0	0	0	0	0	0	0	0	0	0	0	0	0	0	0	0	0	0	0	0	0	0	0	0	0	0	0	0	2	2	Stony Field	To The Stony Field	A1L4	1	38	33	34	0	0	0	0	4	27	27	27	0	0	0	0	1
Act 1 - Wilderness 4	5	0	0	0	80	80	-1	-1	0	1	0	0	0	1	1	1	0	3	2	6	3	4	5	0	0	0	10	10	10	10	0	-1	-1	-1	0	1	2	3	-1	0	0	0	0	1	0	1	0	2025	5	38	71	520	1	2	1	0	5	20	44	64	166	170	0	0	0	0	0	0	0	0	0	0	0	0	0	0	0	0	0	0	0	0	0	0	0	0	0	0	0	0	0	0	0	0	0	0	0	0	0	0	0	0	0	0	0	0	0	5	20	44	64	166	170	0	0	0	0	0	0	0	0	0	0	0	0	0	0	0	0	0	0	0	0	0	0	0	0	0	0	0	0	0	0	0	0	0	0	0	0	2	3	Dark Wood	To The Dark Wood	A1L5	1	38	33	34	0	0	0	0	4	30	30	30	0	0	0	0	1
Act 1 - Wilderness 5	6	0	0	0	80	80	-1	-1	0	1	0	0	0	1	1	1	0	3	2	6	4	4	5	0	0	20	11	11	11	11	0	-1	-1	10	0	1	2	3	-1	0	0	0	0	0	0	1	0	2025	6	39	72	520	1	2	1	0	6	1	16	24	54	59	161	0	0	0	0	0	0	0	0	0	0	0	0	0	0	0	0	0	0	0	0	207	0	0	0	0	0	0	0	0	0	0	0	0	0	0	0	0	0	0	0	0	0	0	0	6	1	16	24	54	59	161	0	0	0	0	0	0	0	0	0	0	0	0	0	0	0	0	0	0	0	0	0	0	0	0	0	0	0	0	0	0	0	0	0	0	0	2	4	Black Marsh	To The Black Marsh	A1L6	1	38	33	34	0	0	0	0	5	32	32	32	0	0	0	0	1
Act 1 - Wilderness 6	7	0	0	0	80	80	-1	-1	0	1	0	0	0	1	1	1	0	3	2	6	2	4	5	0	0	0	12	12	12	12	0	-1	-1	-1	0	1	2	3	-1	0	0	0	0	1	0	1	0	2025	8	41	74	520	1	2	1	0	5	45	65	167	171	383	0	0	0	0	0	0	0	0	0	0	0	0	0	0	0	0	0	0	0	0	0	0	0	0	0	0	0	0	0	0	0	0	0	0	0	0	0	0	0	0	0	0	0	0	0	5	45	65	167	171	383	0	0	0	0	0	0	0	0	0	0	0	0	0	0	0	0	0	0	0	0	0	0	0	0	0	0	0	0	0	0	0	0	0	0	0	0	2	255	Tamoe Highland	To The Tamoe Highland	A1L7	1	38	33	34	0	0	0	0	5	35	35	35	0	0	0	0	1
Act 1 - Cave 1	8	0	0	1	200	200	1500	1000	0	0	0	0	1	1	1	0	1	1	3	-1	-1	-1	-1	2	0	0	0	0	0	0	0	4	-1	-1	-1	-1	-1	-1	-1	0	255	255	255	0	0	1	1	2025	1	34	67	600	0	0	0	0	3	5	28	58	0	0	0	0	0	0	0	0	0	0	0	0	0	0	0	0	0	0	0	0	0	0	0	0	0	0	0	0	0	0	0	0	0	0	0	0	0	0	0	0	0	0	0	0	0	0	0	3	5	28	58	0	0	0	0	0	0	0	0	0	0	0	0	0	0	0	0	0	0	0	0	0	0	151	159	0	0	0	30	30	0	0	0	0	0	0	0	0	0	4	255	Den of Evil	To The Den of Evil	A1L9	6	4	0	0	0	0	0	0	35	45	0	0	0	0	0	0	1
Act 1 - Cave 2	9	0	0	2	200	200	1500	1300	0	0	0	0	1	1	1	0	1	1	3	-1	-1	-1	-1	3	0	0	0	13	0	0	0	4	-1	-1	-1	5	-1	-1	-1	0	255	255	255	0	0	1	0	2025	2	35	68	600	1	2	1	0	3	0	6	160	0	0	0	0	0	0	0	0	0	0	0	0	0	0	0	0	0	0	0	0	0	0	0	0	0	0	0	0	0	0	0	0	0	0	0	0	0	0	0	0	0	0	0	0	0	0	0	3	0	6	160	0	0	0	0	0	0	0	0	0	0	0	0	0	0	0	0	0	0	0	0	0	0	151	159	0	0	0	30	30	0	0	0	0	0	0	0	0	0	4	255	Cave Level 1	To The Cave Level 1	A1L9	6	4	0	0	0	0	0	0	30	3	0	0	0	0	0	0	1
Act 1 - Cave 3	10	0	0	3	200	200	1500	1600	0	0	0	0	1	1	1	0	1	1	3	-1	-1	-1	-1	4	5	0	0	14	0	0	0	4	4	-1	-1	5	-1	-1	-1	0	255	255	255	0	0	1	0	2025	4	37	70	600	1	2	1	0	4	12	20	44	170	0	0	0	0	0	0	0	0	0	0	0	0	0	0	0	0	0	0	0	0	0	0	0	0	0	0	0	0	0	0	0	0	0	0	0	0	0	0	0	0	0	0	0	0	0	0	4	12	20	44	170	0	0	0	0	0	0	0	0	0	0	0	0	0	0	0	0	0	0	0	0	0	151	159	0	0	0	30	30	0	0	0	0	0	0	0	0	0	4	255	Underground Passage Level 1	To Underground Passage Level 1	A1L10	6	4	0	0	0	0	0	0	30	3	0	0	0	0	0	0	1
Act 1 - Cave 4	11	0	0	4	200	200	1500	1900	0	0	0	0	1	1	1	0	1	1	3	-1	-1	-1	-1	6	0	0	0	15	0	0	0	4	-1	-1	-1	5	-1	-1	-1	0	255	255	255	0	0	1	0	2025	5	38	71	600	1	2	1	0	4	12	20	24	161	0	0	0	0	0	0	0	0	0	0	0	0	0	0	0	0	0	0	0	0	0	0	0	0	0	0	0	0	0	0	0	0	0	0	0	0	0	0	0	0	0	0	0	0	0	0	4	12	20	24	161	0	0	0	0	0	0	0	0	0	0	0	0	0	0	0	0	0	0	0	0	0	151	159	0	0	0	30	30	0	0	0	0	0	0	0	0	0	4	255	Hole Level 1	To The Hole Level 1	A1L11	6	4	0	0	0	0	0	0	30	3	0	0	0	0	0	0	1
Act 1 - Cave 5	12	0	0	5	200	200	1500	2200	0	0	0	0	1	1	1	0	1	1	3	-1	-1	-1	-1	7	0	0	0	16	0	0	0	4	-1	-1	-1	5	-1	-1	-1	0	255	255	255	0	0	1	0	2025	7	40	73	600	1	2	1	0	4	2	21	45	162	0	0	0	0	0	0	0	0	0	0	0	0	0	0	0	0	0	0	0	0	0	0	0	0	0	0	0	0	0	0	0	0	0	0	0	0	0	0	0	0	0	0	0	0	0	0	4	2	21	45	162	0	0	0	0	0	0	0	0	0	0	0	0	0	0	0	0	0	0	0	0	0	151	159	0	0	0	30	30	0	0	0	0	0	0	0	0	0	4	255	Pit Level 1	To The Pit Level 1	A1L12	6	4	0	0	0	0	0	0	30	6	0	0	0	0	0	0	1
Act 1 - Cave 2 Treasure	13	0	0	6	24	24	1500	2500	0	0	0	0	1	1	1	0	1	2	3	-1	-1	-1	-1	0	9	0	0	0	0	0	0	-1	4	-1	-1	-1	-1	-1	-1	0	255	255	255	0	0	1	0	2025	2	35	68	600	1	2	1	0	3	0	6	160	0	0	0	0	0	0	0	0	0	0	0	0	0	0	0	0	0	0	0	0	0	0	0	0	0	0	0	0	0	0	0	0	0	0	0	0	0	0	0	0	0	0	0	0	0	0	0	3	0	6	160	0	0	0	0	0	0	0	0	0	0	0	0	0	0	0	0	0	0	0	0	0	0	151	159	0	0	0	30	30	0	0	0	0	0	0	0	0	0	4	255	Cave Level 2	To The Cave Level 2	A1L14	6	0	0	0	0	0	0	0	25	0	0	0	0	0	0	0	1
Act 1 - Cave 3 Treasure	14	0	0	7	24	24	1500	2624	0	0	0	0	1	1	1	0	1	2	3	-1	-1	-1	-1	0	10	0	0	0	0	0	0	-1	4	-1	-1	-1	-1	-1	-1	0	255	255	255	0	0	1	0	2025	4	37	70	600	1	2	1	0	4	12	20	44	170	0	0	0	0	0	0	0	0	0	0	0	0	0	0	0	0	0	0	0	0	0	0	0	0	0	0	0	0	0	0	0	0	0	0	0	0	0	0	0	0	0	0	0	0	0	0	4	12	20	44	170	0	0	0	0	0	0	0	0	0	0	0	0	0	0	0	0	0	0	0	0	0	151	159	0	0	0	30	30	0	0	0	0	0	0	0	0	0	4	255	Underground Passage Level 2	To Underground Passage Level 2	A1L15	6	0	0	0	0	0	0	0	25	0	0	0	0	0	0	0	1
Act 1 - Cave 4 Treasure	15	0	0	8	24	24	1500	2748	0	0	0	0	1	1	1	0	1	2	3	-1	-1	-1	-1	0	11	0	0	0	0	0	0	-1	4	-1	-1	-1	-1	-1	-1	0	255	255	255	0	0	1	0	3800	5	38	71	600	1	2	1	0	4	12	20	24	161	0	0	0	0	0	0	0	0	0	0	0	0	0	0	0	0	0	0	0	0	0	0	0	0	0	0	0	0	0	0	0	0	0	0	0	0	0	0	0	0	0	0	0	0	0	0	4	12	20	24	161	0	0	0	0	0	0	0	0	0	0	0	0	0	0	0	0	0	0	0	0	0	151	159	0	0	0	30	30	0	0	0	0	0	0	0	0	0	4	255	Hole Level 2	To The Hole Level 2	A1L16	6	0	0	0	0	0	0	0	25	0	0	0	0	0	0	0	1
Act 1 - Cave 5 Treasure	16	0	0	9	24	24	1500	2872	0	0	0	0	1	1	1	0	1	2	3	-1	-1	-1	-1	0	12	0	0	0	0	0	0	-1	4	-1	-1	-1	-1	-1	-1	0	255	255	255	0	0	1	0	2025	7	40	73	600	1	2	1	0	4	2	21	45	162	0	0	0	0	0	0	0	0	0	0	0	0	0	0	0	0	0	0	0	0	0	0	0	0	0	0	0	0	0	0	0	0	0	0	0	0	0	0	0	0	0	0	0	0	0	0	4	2	21	45	162	0	0	0	0	0	0	0	0	0	0	0	0	0	0	0	0	0	0	0	0	0	151	159	0	0	0	30	30	0	0	0	0	0	0	0	0	0	4	255	Pit Level 2	To The Pit Level 2	A1L17	6	4	0	0	0	0	0	0	25	6	0	0	0	0	0	0	1
Act 1 - Graveyard	17	0	0	0	40	48	-1	-1	0	1	0	0	0	1	1	1	0	3	2	-1	-1	-1	-1	18	19	0	0	0	0	0	0	6	7	-1	-1	-1	-1	-1	-1	0	0	0	0	0	0	1	0	2025	3	36	69	520	0	0	1	0	2	0	6	0	0	0	0	0	0	0	0	0	0	0	0	0	0	0	0	0	0	0	0	0	0	0	0	0	0	0	0	0	0	0	0	0	0	0	0	0	0	0	0	0	0	0	0	0	0	0	0	2	0	6	0	0	0	0	0	0	0	0	0	0	0	0	0	0	0	0	0	0	0	0	0	0	0	0	0	0	0	0	0	0	0	0	0	0	0	0	0	0	0	2	255	Burial Grounds	To The Burial Grounds	A1L18	0	0	0	0	0	0	0	0	0	0	0	0	0	0	0	0	1
Act 1 - Crypt 1 A	18	0	0	10	200	200	2000	1000	0	0	0	0	1	1	1	0	1	1	4	-1	-1	-1	-1	17	0	0	0	0	0	0	0	8	-1	-1	-1	-1	-1	-1	-1	0	255	255	255	0	0	1	0	2025	3	36	69	1056	1	1	1	0	2	0	6	0	0	0	0	0	0	0	0	0	0	0	0	0	0	0	0	0	0	0	0	0	0	0	0	0	0	0	0	0	0	0	0	0	0	0	0	0	0	0	0	0	0	0	0	0	0	0	0	2	0	6	0	0	0	0	0	0	0	0	0	0	0	0	0	0	0	0	0	0	0	0	0	0	0	151	159	0	0	0	30	30	0	0	0	0	0	0	0	0	8	5	255	Crypt	To The Crypt	A1L19	7	8	9	10	0	0	0	0	75	4	50	75	0	0	0	0	1
Act 1 - Crypt 2 A	19	0	0	11	200	200	2000	1300	0	0	0	0	1	1	1	0	1	1	4	-1	-1	-1	-1	17	0	0	0	0	0	0	0	8	-1	-1	-1	-1	-1	-1	-1	0	255	255	255	0	0	1	0	2025	3	36	69	1056	1	1	1	0	2	0	6	0	0	0	0	0	0	0	0	0	0	0	0	0	0	0	0	0	0	0	0	0	0	0	0	0	0	0	0	0	0	0	0	0	0	0	0	0	0	0	0	0	0	0	0	0	0	0	0	2	0	6	0	0	0	0	0	0	0	0	0	0	0	0	0	0	0	0	0	0	0	0	0	0	0	151	159	0	0	0	30	30	0	0	0	0	0	0	0	0	8	5	255	Mausoleum	To The Mausoleum	A1L20	7	8	9	10	0	0	0	0	75	4	50	75	0	0	0	0	1
Act 1 - Tower 2	20	0	0	12	8	8	2000	1600	0	0	0	0	1	1	1	0	1	2	2	-1	-1	-1	-1	6	21	0	0	0	0	0	0	11	12	-1	-1	-1	-1	-1	-1	0	255	255	255	0	0	1	0	100	7	40	73	0	0	0	1	0	0	0	0	0	0	0	0	0	0	0	0	0	0	0	0	0	0	0	0	0	0	0	0	0	0	0	0	0	0	0	0	0	0	0	0	0	0	0	0	0	0	0	0	0	0	0	0	0	0	0	0	0	0	0	0	0	0	0	0	0	0	0	0	0	0	0	0	0	0	0	0	0	0	0	0	0	0	151	159	0	0	0	30	30	0	0	0	0	0	0	0	0	0	5	255	Forgotten Tower	To The Forgotten Tower	A1L21	0	0	0	0	0	0	0	0	0	0	0	0	0	0	0	0	1
Act 1 - Crypt 3 A	21	0	0	13	200	200	2500	1000	0	0	0	0	1	1	1	0	1	1	4	-1	-1	-1	-1	20	22	0	0	0	0	0	0	8	9	-1	-1	-1	-1	-1	-1	0	255	255	255	0	0	1	0	100	7	40	73	640	1	1	1	0	4	21	38	55	162	0	0	0	0	0	0	0	0	0	0	0	0	0	0	0	0	0	0	0	0	0	0	0	0	0	0	0	0	0	0	0	0	0	0	0	0	0	0	0	0	0	0	0	0	0	0	4	21	38	55	162	0	0	0	0	0	0	0	0	0	0	0	0	0	0	0	0	0	0	0	0	0	151	159	0	0	0	30	30	0	0	0	0	0	0	0	0	8	5	255	Tower Cellar Level 1	To The Tower Cellar Level 1	A1L22	15	0	0	0	0	0	0	0	25	0	0	0	0	0	0	0	1
Act 1 - Crypt 3 B	22	0	0	14	200	200	2500	1300	0	0	0	0	1	1	1	0	1	1	4	-1	-1	-1	-1	21	23	0	0	0	0	0	0	8	9	-1	-1	-1	-1	-1	-1	0	255	255	255	0	0	1	0	2025	7	40	73	640	1	1	1	0	4	21	38	55	162	0	0	0	0	0	0	0	0	0	0	0	0	0	0	0	0	0	0	0	0	0	0	0	0	0	0	0	0	0	0	0	0	0	0	0	0	0	0	0	0	0	0	0	0	0	0	4	21	38	55	162	0	0	0	0	0	0	0	0	0	0	0	0	0	0	0	0	0	0	0	0	0	151	159	0	0	0	30	30	0	0	0	0	0	0	0	0	8	5	255	Tower Cellar Level 2	To The Tower Cellar Level 2	A1L23	15	0	0	0	0	0	0	0	25	0	0	0	0	0	0	0	1
Act 1 - Crypt 3 C	23	0	0	15	200	200	2500	1600	0	0	0	0	1	1	1	0	1	1	4	-1	-1	-1	-1	22	24	0	0	0	0	0	0	8	9	-1	-1	-1	-1	-1	-1	0	255	255	255	0	0	1	0	100	7	40	73	640	1	1	1	0	4	21	38	55	162	0	0	0	0	0	0	0	0	0	0	0	0	0	0	0	0	0	0	0	0	0	0	0	0	0	0	0	0	0	0	0	0	0	0	0	0	0	0	0	0	0	0	0	0	0	0	4	21	38	55	162	0	0	0	0	0	0	0	0	0	0	0	0	0	0	0	0	0	0	0	0	0	151	159	0	0	0	30	30	0	0	0	0	0	0	0	0	8	5	255	Tower Cellar Level 3	To The Tower Cellar Level 3	A1L24	15	0	0	0	0	0	0	0	25	0	0	0	0	0	0	0	1
Act 1 - Crypt 3 D	24	0	0	16	200	200	2500	1900	0	0	0	0	1	1	1	0	1	1	4	-1	-1	-1	-1	23	25	0	0	0	0	0	0	8	9	-1	-1	-1	-1	-1	-1	0	255	255	255	0	0	1	0	2025	7	40	73	640	1	1	1	0	4	21	38	55	162	0	0	0	0	0	0	0	0	0	0	0	0	0	0	0	0	0	0	0	0	0	0	0	0	0	0	0	0	0	0	0	0	0	0	0	0	0	0	0	0	0	0	0	0	0	0	4	21	38	55	162	0	0	0	0	0	0	0	0	0	0	0	0	0	0	0	0	0	0	0	0	0	151	159	0	0	0	30	30	0	0	0	0	0	0	0	0	8	5	255	Tower Cellar Level 4	To The Tower Cellar Level 4	A1L25	15	0	0	0	0	0	0	0	25	0	0	0	0	0	0	0	1
Act 1 - Crypt 3 E	25	0	0	17	30	30	2500	2200	0	0	0	0	1	1	1	0	1	2	4	-1	-1	-1	-1	24	0	0	0	0	0	0	0	8	-1	-1	-1	-1	-1	-1	-1	0	255	255	255	0	0	1	0	100	7	40	73	640	1	1	1	0	4	21	38	55	162	0	0	0	0	0	0	0	0	0	0	0	0	0	0	0	0	0	0	0	0	0	0	0	0	0	0	0	0	0	0	0	0	0	0	0	0	0	0	0	0	0	0	0	0	0	0	4	21	38	55	162	0	0	0	0	0	0	0	0	0	0	0	0	0	0	0	0	0	0	0	0	0	151	159	0	0	0	30	30	0	0	0	0	0	0	0	0	8	5	255	Tower Cellar Level 5	To The Tower Cellar Level 5	A1L26	15	0	0	0	0	0	0	0	25	0	0	0	0	0	0	0	1
Act 1 - Monastery	26	0	0	0	64	18	3000	1000	0	0	0	0	1	1	1	0	0	2	5	-1	-1	-1	-1	0	27	0	0	0	0	0	0	-1	-1	-1	-1	-1	-1	-1	-1	0	0	0	0	0	0	1	0	2025	8	41	74	600	0	1	1	0	4	13	45	171	387	0	0	0	0	0	0	0	0	0	0	0	0	0	0	0	0	0	0	0	0	0	0	0	0	0	0	0	0	0	0	0	0	0	0	0	0	0	0	0	0	0	0	0	0	0	0	4	13	45	171	387	0	0	0	0	0	0	0	0	0	0	0	0	0	0	0	0	0	0	0	0	0	0	0	0	0	0	0	0	0	0	0	0	0	0	0	0	48	6	255	Monastery Gate	To The Monastery Gate	A1L27	0	0	0	0	0	0	0	0	0	0	0	0	0	0	0	0	1
Act 1 - Courtyard 1	27	0	0	0	56	40	0	-40	26	0	0	0	1	1	1	0	0	2	6	-1	-1	-1	-1	26	28	0	0	0	0	0	0	-1	-1	-1	-1	-1	-1	-1	-1	0	0	0	0	1	0	1	0	2025	9	42	75	600	0	1	1	0	4	25	46	60	66	0	0	0	0	0	0	0	0	0	0	0	0	0	0	0	0	0	0	0	0	0	0	0	0	0	0	0	0	0	0	0	0	0	0	0	0	0	0	0	0	0	0	0	0	0	0	4	25	46	60	66	0	0	0	0	0	0	0	0	0	0	0	0	0	0	0	0	0	0	0	0	0	0	0	0	0	0	0	0	0	0	0	0	0	0	0	0	0	7	5	Outer Cloister	To The Outer Cloister	A1L28	14	15	0	0	0	0	0	0	7	33	0	0	0	0	0	0	1
Act 1 - Barracks	28	0	0	0	200	200	-1	-1	0	0	0	0	1	1	1	0	1	1	7	-1	-1	-1	-1	27	29	0	0	0	0	0	0	-1	14	-1	-1	-1	-1	-1	-1	0	255	255	255	0	0	1	0	2025	9	42	75	680	1	2	1	0	5	46	57	60	172	384	0	0	0	0	0	0	0	0	0	0	0	0	0	0	0	0	0	0	0	0	0	0	0	0	0	0	0	0	0	0	0	0	0	0	0	0	0	0	0	0	0	0	0	0	0	5	46	57	60	172	384	0	0	0	0	0	0	0	0	0	0	0	0	0	0	0	0	0	0	0	0	151	159	0	0	0	30	30	0	0	0	0	0	0	0	0	8	8	255	Barracks	To The Barracks	A1L29	51	3	17	0	0	0	0	0	9	35	25	0	0	0	0	0	1
Act 1 - Jail 1	29	0	0	18	200	200	3500	1000	0	0	0	0	1	1	1	0	1	1	8	-1	-1	-1	-1	28	30	0	0	0	0	0	0	13	14	-1	-1	-1	-1	-1	-1	0	255	255	255	1	0	1	0	2025	10	43	76	680	1	2	1	1	5	22	39	57	172	384	0	0	0	0	0	0	0	0	0	0	0	0	0	0	0	0	0	0	0	0	0	0	0	0	0	0	0	0	0	0	0	0	0	0	0	0	0	0	0	0	0	0	0	0	0	5	22	39	57	172	384	0	0	0	0	0	0	0	0	0	0	0	0	0	0	0	0	0	0	0	0	151	159	0	0	0	30	30	0	0	0	0	0	0	0	0	8	8	6	Jail Level 1	To The Jail Level 1	A1L30	51	15	3	0	0	0	0	0	11	50	35	0	0	0	0	0	1
Act 1 - Jail 2	30	0	0	19	200	200	3500	1300	0	0	0	0	1	1	1	0	1	1	8	-1	-1	-1	-1	29	31	0	0	0	0	0	0	13	14	-1	-1	-1	-1	-1	-1	0	255	255	255	0	0	1	0	2025	10	43	76	680	1	2	1	1	5	22	39	57	172	384	0	0	0	0	0	0	0	0	0	0	0	0	0	0	0	0	0	0	0	0	0	0	0	0	0	0	0	0	0	0	0	0	0	0	0	0	0	0	0	0	0	0	0	0	0	5	22	39	57	172	384	0	0	0	0	0	0	0	0	0	0	0	0	0	0	0	0	0	0	0	0	151	159	0	0	0	30	30	0	0	0	0	0	0	0	0	8	8	255	Jail Level 2	To The Jail Level 2	A1L31	51	15	3	0	0	0	0	0	13	50	45	0	0	0	0	0	1
Act 1 - Jail 3	31	0	0	20	200	200	3500	1600	0	0	0	0	1	1	1	0	1	1	8	-1	-1	-1	-1	30	32	0	0	0	0	0	0	13	13	-1	-1	-1	-1	-1	-1	0	255	255	255	0	0	1	0	2025	10	43	76	680	1	2	1	1	5	22	39	57	172	388	0	0	0	0	0	0	0	0	0	0	0	0	0	0	0	0	0	0	0	0	0	0	0	0	0	0	0	0	0	0	0	0	0	0	0	0	0	0	0	0	0	0	0	0	0	5	22	39	57	172	388	0	0	0	0	0	0	0	0	0	0	0	0	0	0	0	0	0	0	0	0	151	159	0	0	0	30	30	0	0	0	0	0	0	0	0	0	8	255	Jail Level 3	To The Jail Level 3	A1L32	51	15	3	0	0	0	0	0	15	50	55	0	0	0	0	0	1
Act 1 - Courtyard 2	32	0	0	0	18	20	4000	1000	0	0	0	0	1	1	1	0	0	2	6	-1	-1	-1	-1	31	33	0	0	0	0	0	0	14	-1	-1	-1	-1	-1	-1	-1	0	0	0	0	0	0	1	0	2025	10	43	76	720	0	1	1	0	3	22	163	388	0	0	0	0	0	0	0	0	0	0	0	0	0	0	0	0	0	0	0	0	0	0	0	0	0	0	0	0	0	0	0	0	0	0	0	0	0	0	0	0	0	0	0	0	0	0	0	3	22	163	388	0	0	0	0	0	0	0	0	0	0	0	0	0	0	0	0	0	0	0	0	0	0	0	0	0	0	0	0	0	0	0	0	0	0	0	0	0	0	7	7	Inner Cloister	To The Inner Cloister	A1L33	0	0	0	0	0	0	0	0	0	0	0	0	0	0	0	0	1
Act 1 - Cathedral	33	0	0	0	28	34	-4	-34	32	0	0	0	1	1	1	0	1	2	9	-1	-1	-1	-1	32	34	0	0	0	0	0	0	-1	15	-1	-1	-1	-1	-1	-1	0	255	255	255	1	0	1	0	2025	11	44	77	680	1	2	1	0	3	11	39	61	0	0	0	0	0	0	0	0	0	0	0	0	0	0	0	0	0	0	0	0	0	0	0	0	0	0	0	0	0	0	0	0	0	0	0	0	0	0	0	0	0	0	0	0	0	0	0	3	11	39	61	0	0	0	0	0	0	0	0	0	0	0	0	0	0	0	0	0	0	0	0	0	0	151	159	0	0	0	30	30	0	0	0	0	0	0	0	0	0	9	255	Cathedral	To The Cathedral	A1L34	16	3	50	17	0	0	0	0	35	45	3	3	0	0	0	0	1
Act 1 - Catacombs 1	34	0	0	21	200	200	4500	1000	0	0	0	0	1	1	1	0	1	1	10	-1	-1	-1	-1	33	35	0	0	0	0	0	0	16	18	-1	-1	-1	-1	-1	-1	0	255	255	255	0	0	1	0	2025	11	44	77	680	1	2	1	0	3	11	61	141	0	0	0	0	0	0	0	0	0	0	0	0	0	0	0	0	0	0	0	0	0	0	0	0	0	0	0	0	0	0	0	0	0	0	0	0	0	0	0	0	0	0	0	0	0	0	0	3	11	61	141	0	0	0	0	0	0	0	0	0	0	0	0	0	0	0	0	0	0	0	0	0	0	151	159	0	0	0	30	30	0	0	0	0	0	0	0	0	60	10	255	Catacombs Level 1	To The Catacombs Level 1	A1L35	16	3	14	17	0	0	0	0	40	45	15	3	0	0	0	0	1
Act 1 - Catacombs 2	35	0	0	22	200	200	4500	1300	0	0	0	0	1	1	1	0	1	1	10	-1	-1	-1	-1	34	36	0	0	0	0	0	0	17	18	-1	-1	-1	-1	-1	-1	0	255	255	255	0	0	1	0	2025	11	44	77	680	1	2	1	0	3	11	61	122	0	0	0	0	0	0	0	0	0	0	0	0	0	0	0	0	0	0	0	0	0	0	0	0	0	0	0	0	0	0	0	0	0	0	0	0	0	0	0	0	0	0	0	0	0	0	0	3	11	61	122	0	0	0	0	0	0	0	0	0	0	0	0	0	0	0	0	0	0	0	0	0	0	151	159	0	0	0	30	30	0	0	0	0	0	0	0	0	60	10	8	Catacombs Level 2	To The Catacombs Level 2	A1L36	16	3	14	17	0	0	0	0	45	45	17	3	0	0	0	0	1
Act 1 - Catacombs 3	36	0	0	23	200	200	4500	1600	0	0	0	0	1	1	1	0	1	1	10	-1	-1	-1	-1	35	37	0	0	0	0	0	0	17	18	-1	-1	-1	-1	-1	-1	0	255	255	255	1	0	1	0	2025	12	45	78	680	1	2	1	0	3	7	10	135	0	0	0	0	0	0	0	0	0	0	0	0	0	0	0	0	0	0	0	0	0	0	0	0	0	0	0	0	0	0	0	0	0	0	0	0	0	0	0	0	0	0	0	0	0	0	0	3	7	10	135	0	0	0	0	0	0	0	0	0	0	0	0	0	0	0	0	0	0	0	0	0	0	151	159	0	0	0	30	30	0	0	0	0	0	0	0	0	60	10	255	Catacombs Level 3	To The Catacombs Level 3	A1L37	16	3	14	17	0	0	0	0	50	45	19	3	0	0	0	0	1
Act 1 - Catacombs 4	37	0	0	24	22	31	4500	1900	0	0	0	0	1	1	1	0	1	2	10	-1	-1	-1	-1	36	0	0	0	0	0	0	0	17	-1	-1	-1	-1	-1	-1	-1	0	255	255	255	0	0	1	0	2025	12	45	78	680	1	2	1	0	2	7	10	0	0	0	0	0	0	0	0	0	0	0	0	0	0	0	0	0	0	0	0	0	0	0	0	0	0	0	0	0	0	0	0	0	0	0	0	0	0	0	0	0	0	0	0	0	0	0	0	2	7	10	0	0	0	0	0	0	0	0	0	0	0	0	0	0	0	0	0	0	0	0	0	0	0	151	159	0	0	0	30	30	0	0	0	0	0	0	0	0	60	10	255	Catacombs Level 4	To The Catacombs Level 4	A1L38	16	3	14	17	0	0	0	0	55	45	1	3	0	0	0	0	1
Act 1 - Tristram	38	0	0	25	43	48	5000	1000	0	1	0	0	0	1	1	1	0	2	11	-1	-1	-1	-1	0	0	0	0	0	0	0	0	-1	-1	-1	-1	-1	-1	-1	-1	0	0	0	0	0	1	1	0	2025	6	39	72	520	1	2	0	0	4	1	54	59	170	0	0	0	0	0	0	0	0	0	0	0	0	0	0	0	0	0	0	0	0	0	0	0	0	0	0	0	0	0	0	0	0	0	0	0	0	0	0	0	0	0	0	0	0	0	0	4	1	54	59	170	0	0	0	0	0	0	0	0	0	0	0	0	0	0	0	0	0	0	0	0	0	0	0	0	0	0	0	0	0	0	0	0	0	0	0	0	0	3	255	Tristram	To Tristram	A1L39	44	45	0	0	0	0	0	0	0	33	1	0	0	0	0	0	1
Act 1 - Moo Moo Farm	39	0	0	26	80	80	5000	1148	0	1	0	0	0	1	1	0	0	3	2	-1	-1	-1	-1	0	0	0	0	0	0	0	0	-1	-1	-1	-1	-1	-1	-1	-1	0	0	0	0	0	0	1	0	2025	28	61	94	800	0	1	1	0	3	391	391	391	0	0	0	0	0	0	0	0	0	0	0	0	0	0	0	0	0	0	0	0	0	0	0	0	0	0	0	0	0	0	0	0	0	0	0	0	0	0	0	0	0	0	0	0	0	0	0	3	391	391	391	0	0	0	0	0	0	0	0	0	0	0	0	0	0	0	0	0	0	0	0	0	0	0	0	0	0	0	0	0	0	0	0	0	0	0	0	0	0	34	255	Moo Moo Farm	To The Moo Moo Farm	A1L40	1	38	33	34	0	0	0	0	5	35	35	35	0	0	0	0	0
Act 2 - Town	40	1	1	27	56	56	1000	1000	0	0	0	0	0	1	1	1	0	2	12	-1	-1	-1	-1	0	0	47	47	50	0	0	0	-1	-1	19	20	24	-1	-1	-1	0	0	0	0	1	1	0	0	2025	0	33	66	0	0	0	0	0	0	0	0	0	0	0	0	0	0	0	0	0	0	0	0	0	0	0	0	0	0	0	0	0	0	0	0	0	0	0	0	0	0	0	0	0	0	0	0	0	0	0	0	0	0	0	0	0	0	0	0	0	0	0	0	0	0	0	0	0	0	0	0	0	0	0	0	0	0	0	0	0	0	0	0	0	0	268	0	0	0	0	30	0	0	0	0	0	0	0	0	0	0	12	9	Lut Gholein	To Lut Gholein	A2L1	0	0	0	0	0	0	0	0	0	0	0	0	0	0	0	0	0
Act 2 - Desert 1	41	1	1	27	80	80	-1	-1	0	0	0	0	0	1	1	1	0	3	16	9	0	7	8	55	55	55	55	0	0	0	0	33	34	35	36	-1	-1	-1	-1	0	0	0	0	0	0	1	0	2025	14	47	80	880	1	2	1	0	5	78	83	91	110	373	0	0	0	0	0	0	0	0	0	0	0	0	0	0	0	0	0	0	0	0	0	0	0	0	0	0	0	0	0	0	0	0	0	0	0	0	0	0	0	0	0	0	0	0	0	5	78	83	91	110	373	0	0	0	0	0	0	0	0	0	0	0	0	0	0	0	0	0	0	0	0	269	0	0	0	0	20	0	0	0	0	0	0	0	0	0	0	13	255	Rocky Waste	To The Rocky Waste	A2L2	30	24	32	37	36	0	0	0	15	30	15	40	40	0	0	0	0
Act 2 - Desert 2	42	1	1	27	80	80	-1	-1	0	0	0	0	0	1	1	1	0	3	16	9	1	7	8	56	56	56	56	0	0	0	0	33	34	35	36	-1	-1	-1	-1	0	0	0	0	0	0	1	0	2025	15	48	81	880	1	2	1	0	4	79	84	111	394	0	0	0	0	0	0	0	0	0	0	0	0	0	0	0	0	0	0	0	0	0	0	0	0	0	0	0	0	0	0	0	0	0	0	0	0	0	0	0	0	0	0	0	0	0	0	4	79	84	111	394	0	0	0	0	0	0	0	0	0	0	0	0	0	0	0	0	0	0	0	0	0	269	0	0	0	0	20	0	0	0	0	0	0	0	0	0	0	13	11	Dry Hills	To The Dry Hills	A2L3	30	24	32	37	36	0	0	0	15	30	14	40	40	0	0	0	0
Act 2 - Desert 3	43	1	1	27	80	80	-1	-1	0	0	0	0	0	1	1	1	0	3	16	9	2	7	8	0	0	0	0	62	0	0	0	-1	-1	-1	-1	47	-1	-1	-1	0	0	0	0	1	0	1	0	2025	16	49	82	880	1	2	1	0	5	17	68	87	92	111	0	0	0	0	0	0	0	0	0	0	0	0	0	0	0	0	0	0	0	0	208	0	0	0	0	0	0	0	0	0	0	0	0	0	0	0	0	0	0	0	0	0	0	0	0	5	17	68	87	92	111	0	0	0	0	0	0	0	0	0	0	0	0	0	0	0	0	0	0	0	0	269	0	0	0	0	20	0	0	0	0	0	0	0	0	0	0	13	13	Far Oasis	To The Far Oasis	A2L4	30	24	32	37	36	0	0	0	15	30	13	40	40	0	0	0	0
Act 2 - Desert 4	44	1	1	27	80	80	-1	-1	0	0	0	0	0	1	1	1	0	3	16	9	3	7	8	0	0	65	0	0	0	0	0	-1	-1	50	-1	-1	-1	-1	-1	0	0	0	0	0	0	1	0	3800	17	50	83	880	1	2	1	0	5	9	30	80	85	395	0	0	0	0	0	0	0	0	0	0	0	0	0	0	0	0	0	0	0	0	0	0	0	0	0	0	0	0	0	0	0	0	0	0	0	0	0	0	0	0	0	0	0	0	0	5	9	30	80	85	395	0	0	0	0	0	0	0	0	0	0	0	0	0	0	0	0	0	0	0	0	269	0	0	0	0	20	0	0	0	0	0	0	0	0	0	0	13	14	Lost City	To The Lost City	A2L5	30	24	32	37	36	0	0	0	15	30	12	40	40	0	0	0	0
Act 2 - Desert 5	45	1	1	27	32	32	-1	-1	0	0	0	0	0	1	1	1	0	3	16	-1	-1	-1	8	0	58	0	0	0	0	0	0	-1	37	-1	-1	-1	-1	-1	-1	0	0	0	0	1	0	1	0	2025	18	51	84	880	1	2	1	0	6	74	74	75	75	98	102	0	0	0	0	0	0	0	0	0	0	0	0	0	0	0	0	0	0	0	0	0	0	0	0	0	0	0	0	0	0	0	0	0	0	0	0	0	0	0	0	0	0	0	0	6	74	74	75	75	98	102	0	0	0	0	0	0	0	0	0	0	0	0	0	0	0	0	0	0	0	269	0	0	0	0	20	0	0	0	0	0	0	0	0	0	0	13	255	Valley of Snakes	To The Valley of Snakes	A2L6	30	24	32	37	36	0	0	0	15	30	11	40	40	0	0	0	0
Act 2 - Valley of the Kings	46	1	1	28	80	80	2500	1000	0	0	0	1	0	1	1	1	0	3	16	9	4	7	8	0	66	67	68	69	70	71	72	-1	38	39	40	41	42	43	44	0	0	0	0	1	1	1	0	3800	16	49	82	880	0	0	1	0	5	26	70	86	94	376	0	0	0	0	0	0	0	0	0	0	0	0	0	0	0	0	0	0	0	0	0	0	0	0	0	0	0	0	0	0	0	0	0	0	0	0	0	0	0	0	0	0	0	0	0	5	26	70	86	94	376	0	0	0	0	0	0	0	0	0	0	0	0	0	0	0	0	0	0	0	0	269	0	0	0	0	20	0	0	0	0	0	0	0	0	0	0	14	17	Canyon of the Magi	To The Canyon of the Magi	A2L7	30	24	32	37	36	0	0	0	15	30	10	40	40	0	0	0	0
Act 2 - Sewer 1 A	47	1	1	29	200	200	1500	1000	0	0	0	0	1	1	1	0	1	1	13	-1	-1	-1	-1	40	40	48	0	0	0	0	0	22	21	23	-1	-1	-1	-1	-1	8	255	255	255	0	0	1	0	100	13	46	79	680	0	1	1	0	4	3	29	96	173	0	0	0	0	0	0	0	0	0	0	0	0	0	0	0	0	0	0	0	0	0	0	0	0	0	0	0	0	0	0	0	0	0	0	0	0	0	0	0	0	0	0	0	0	0	0	4	3	29	96	173	0	0	0	0	0	0	0	0	0	0	0	0	0	0	0	0	0	0	0	0	0	151	159	269	0	0	30	100	20	0	0	0	0	0	0	0	0	15	255	Sewers Level 1	To The Sewers Level 1	A2L8	32	26	5	0	0	0	0	0	10	10	10	0	0	0	0	0	0
Act 2 - Sewer 1 B	48	1	1	30	200	200	1500	1300	0	0	0	0	1	1	1	0	1	1	13	-1	-1	-1	-1	47	0	49	0	0	0	0	0	22	-1	23	-1	-1	-1	-1	-1	8	255	255	255	0	0	1	0	2025	13	46	79	680	0	1	1	0	4	3	29	96	173	0	0	0	0	0	0	0	0	0	0	0	0	0	0	0	0	0	0	0	0	0	0	0	0	0	0	0	0	0	0	0	0	0	0	0	0	0	0	0	0	0	0	0	0	0	0	4	3	29	96	173	0	0	0	0	0	0	0	0	0	0	0	0	0	0	0	0	0	0	0	0	0	151	159	269	0	0	30	100	20	0	0	0	0	0	0	0	0	15	10	Sewers Level 2	To The Sewers Level 2	A2L9	32	26	5	0	0	0	0	0	12	12	12	0	0	0	0	0	0
Act 2 - Sewer 1 C	49	1	1	31	200	200	1500	1600	0	0	0	0	1	1	1	0	1	1	13	-1	-1	-1	-1	48	0	0	0	0	0	0	0	22	-1	-1	-1	-1	-1	-1	-1	8	255	255	255	0	0	1	0	2025	14	47	80	680	0	1	1	0	4	3	83	96	385	0	0	0	0	0	0	0	0	0	0	0	0	0	0	0	0	0	0	0	0	0	0	0	0	0	0	0	0	0	0	0	0	0	0	0	0	0	0	0	0	0	0	0	0	0	0	4	3	83	96	385	0	0	0	0	0	0	0	0	0	0	0	0	0	0	0	0	0	0	0	0	0	151	159	269	0	0	30	100	20	0	0	0	0	0	0	0	0	15	255	Sewers Level 3	To The Sewers Level 3	A2L10	32	26	5	0	0	0	0	0	15	15	15	0	0	0	0	0	0
Act 2 - Harem	50	1	1	32	16	19	2000	1000	0	0	0	0	1	1	1	0	1	2	14	-1	-1	-1	-1	40	0	51	51	0	0	0	0	25	-1	28	29	-1	-1	-1	-1	128	255	255	255	0	0	0	0	2025	0	33	66	2200	0	0	1	0	0	0	0	0	0	0	0	0	0	0	0	0	0	0	0	0	0	0	0	0	0	0	0	0	0	0	0	0	0	0	0	0	0	0	0	0	0	0	0	0	0	0	0	0	0	0	0	0	0	0	0	0	0	0	0	0	0	0	0	0	0	0	0	0	0	0	0	0	0	0	0	0	0	0	0	0	0	151	159	269	0	0	30	30	20	0	0	0	0	0	0	0	8	16	255	Harem Level 1	To The Harem Level 1	A2L11	56	0	0	0	0	0	0	0	15	0	0	0	0	0	0	0	0
Act 2 - Corrupt Harem 1	51	1	1	33	100	100	2000	1119	0	0	0	0	1	1	1	0	1	1	14	-1	-1	-1	-1	50	50	52	52	0	0	0	0	26	27	28	29	-1	-1	-1	-1	0	255	255	255	0	0	1	0	2025	13	46	79	2200	0	0	1	0	5	31	48	174	186	382	0	0	0	0	0	0	0	0	0	0	0	0	0	0	0	0	0	0	0	0	0	0	0	0	0	0	0	0	0	0	0	0	0	0	0	0	0	0	0	0	0	0	0	0	0	5	31	48	174	186	382	0	0	0	0	0	0	0	0	0	0	0	0	0	0	0	0	0	0	0	0	151	159	269	0	0	30	30	20	0	0	0	0	0	0	0	8	17	255	Harem Level 2	To The Harem Level 2	A2L12	56	55	0	0	0	0	0	0	15	33	0	0	0	0	0	0	0
Act 2 - Basement 1	52	1	1	34	100	100	2000	1319	0	0	0	0	1	1	1	0	1	1	15	-1	-1	-1	-1	51	51	53	53	0	0	0	0	26	27	32	32	-1	-1	-1	-1	0	255	255	255	0	0	1	0	2025	13	46	79	2200	0	1	1	1	5	31	48	174	186	386	0	0	0	0	0	0	0	0	0	0	0	0	0	0	0	0	0	0	0	0	0	0	0	0	0	0	0	0	0	0	0	0	0	0	0	0	0	0	0	0	0	0	0	0	0	5	31	48	174	186	386	0	0	0	0	0	0	0	0	0	0	0	0	0	0	0	0	0	0	0	0	151	159	269	0	0	30	30	20	0	0	0	0	0	0	0	60	18	15	Palace Cellar Level 1 	To The Palace Cellar Level 1 	A2L13	57	58	0	0	0	0	0	0	20	10	0	0	0	0	0	0	0
Act 2 - Basement 2	53	1	1	35	100	100	2000	1519	0	0	0	0	1	1	1	0	1	1	15	-1	-1	-1	-1	52	52	54	54	0	0	0	0	30	31	32	32	-1	-1	-1	-1	0	255	255	255	1	0	1	0	2025	13	46	79	2200	0	1	1	1	5	31	48	174	186	277	0	0	0	0	0	0	0	0	0	0	0	0	0	0	0	0	0	0	0	0	0	0	0	0	0	0	0	0	0	0	0	0	0	0	0	0	0	0	0	0	0	0	0	0	0	5	31	48	174	186	277	0	0	0	0	0	0	0	0	0	0	0	0	0	0	0	0	0	0	0	0	151	159	269	0	0	30	30	20	0	0	0	0	0	0	0	60	18	255	Palace Cellar Level 2	To The Palace Cellar Level 2	A2L14	57	58	0	0	0	0	0	0	20	10	0	0	0	0	0	0	0
Act 2 - Basement 3	54	1	1	36	100	100	2000	1719	0	0	0	0	1	1	1	0	1	1	15	-1	-1	-1	-1	53	53	0	0	0	0	0	0	30	31	-1	-1	-1	-1	-1	-1	0	255	255	255	1	1	1	0	2025	13	46	79	2200	0	1	1	1	5	31	48	174	186	390	0	0	0	0	0	0	0	0	0	0	0	0	0	0	0	0	0	0	0	0	0	0	0	0	0	0	0	0	0	0	0	0	0	0	0	0	0	0	0	0	0	0	0	0	0	5	31	48	174	186	390	0	0	0	0	0	0	0	0	0	0	0	0	0	0	0	0	0	0	0	0	151	159	269	0	0	30	30	20	0	0	0	0	0	0	0	60	18	255	Palace Cellar Level 3	To The Palace Cellar Level 3	A2L15	57	58	0	0	0	0	0	0	20	10	0	0	0	0	0	0	0
Act 2 - Tomb 1 A	55	1	1	37	200	200	3000	1000	0	0	0	0	1	1	1	0	1	1	17	-1	-1	-1	-1	41	0	0	0	59	0	0	0	45	-1	-1	-1	46	-1	-1	-1	0	255	255	255	0	0	1	0	1000	12	45	78	2200	0	1	1	0	3	4	91	389	0	0	0	0	0	0	0	0	0	0	0	0	0	0	0	0	0	0	0	0	0	0	0	0	0	0	0	0	0	0	0	0	0	0	0	0	0	0	0	0	0	0	0	0	0	0	0	3	4	91	389	0	0	0	0	0	0	0	0	0	0	0	0	0	0	0	0	0	0	0	0	0	0	151	159	269	0	0	30	30	20	0	0	0	0	0	0	0	60	19	255	Stony Tomb Level 1	To The Stony Tomb Level 1	A2L16	19	29	24	0	0	0	0	0	10	20	35	45	0	0	0	0	0
Act 2 - Tomb 2 A	56	1	1	38	200	200	3000	1300	0	0	0	0	1	1	1	0	1	1	17	-1	-1	-1	-1	42	0	0	0	57	0	0	0	45	-1	-1	-1	46	-1	-1	-1	0	255	255	255	0	0	1	0	1000	12	45	78	2200	0	1	1	0	5	97	101	101	136	374	0	0	0	0	0	0	0	0	0	0	0	0	0	0	0	0	0	0	0	0	0	0	0	0	0	0	0	0	0	0	0	0	0	0	0	0	0	0	0	0	0	0	0	0	0	5	97	101	101	136	374	0	0	0	0	0	0	0	0	0	0	0	0	0	0	0	0	0	0	0	0	151	159	269	0	0	30	30	20	0	0	0	0	0	0	0	60	19	255	Halls of the Dead Level 1	To The Halls of the Dead Level 1	A2L17	19	29	24	0	0	0	0	0	10	20	35	45	0	0	0	0	0
Act 2 - Tomb 2 B	57	1	1	39	200	200	3000	1600	0	0	0	0	1	1	1	0	1	1	17	-1	-1	-1	-1	56	0	0	0	60	0	0	0	45	-1	-1	-1	46	-1	-1	-1	0	255	255	255	0	0	1	0	1000	13	46	79	2200	0	1	1	0	5	97	101	101	136	374	0	0	0	0	0	0	0	0	0	0	0	0	0	0	0	0	0	0	0	0	0	0	0	0	0	0	0	0	0	0	0	0	0	0	0	0	0	0	0	0	0	0	0	0	0	5	97	101	101	136	374	0	0	0	0	0	0	0	0	0	0	0	0	0	0	0	0	0	0	0	0	151	159	269	0	0	30	30	20	0	0	0	0	0	0	0	60	19	12	Halls of the Dead Level 2	To The Halls of the Dead Level 2	A2L18	19	29	24	0	0	0	0	0	10	20	35	45	0	0	0	0	0
Act 2 - Tomb 3 A	58	1	1	40	200	200	3000	1900	0	0	0	0	1	1	1	0	1	1	17	-1	-1	-1	-1	45	0	0	0	61	0	0	0	45	-1	-1	-1	46	-1	-1	-1	0	255	255	255	0	0	1	0	1000	14	47	80	2200	0	1	1	0	6	74	74	75	75	98	102	0	0	0	0	0	0	0	0	0	0	0	0	0	0	0	0	0	0	0	0	0	0	0	0	0	0	0	0	0	0	0	0	0	0	0	0	0	0	0	0	0	0	0	0	6	74	74	75	75	98	102	0	0	0	0	0	0	0	0	0	0	0	0	0	0	0	0	0	0	0	151	159	269	0	0	30	30	20	0	0	0	0	0	0	0	60	19	255	Claw Viper Temple Level 1	To The Claw Viper Temple Level 1	A2L19	19	29	24	0	0	0	0	0	10	20	35	45	0	0	0	0	0
Act 2 - Tomb 1 Treasure	59	1	1	41	200	200	3000	2200	0	0	0	0	1	1	1	0	1	1	17	-1	-1	-1	-1	55	0	0	0	0	0	0	0	45	-1	-1	-1	-1	-1	-1	-1	0	255	255	255	0	0	1	0	1000	12	45	78	2200	0	1	1	0	3	4	91	276	0	0	0	0	0	0	0	0	0	0	0	0	0	0	0	0	0	0	0	0	0	0	0	0	0	0	0	0	0	0	0	0	0	0	0	0	0	0	0	0	0	0	0	0	0	0	0	3	4	91	276	0	0	0	0	0	0	0	0	0	0	0	0	0	0	0	0	0	0	0	0	0	0	151	159	269	0	0	30	30	20	0	0	0	0	0	0	0	60	19	255	Stony Tomb Level 2	To The Stony Tomb Level 2	A2L20	19	29	24	0	0	0	0	0	10	30	45	55	0	0	0	0	0
Act 2 - Tomb 2 Treasure	60	1	1	42	200	200	3000	2500	0	0	0	0	1	1	1	0	1	1	17	-1	-1	-1	-1	57	0	0	0	0	0	0	0	45	-1	-1	-1	-1	-1	-1	-1	0	255	255	255	0	0	1	0	1000	13	46	79	2200	0	1	1	0	5	97	101	101	136	374	0	0	0	0	0	0	0	0	0	0	0	0	0	0	0	0	0	0	0	0	0	0	0	0	0	0	0	0	0	0	0	0	0	0	0	0	0	0	0	0	0	0	0	0	0	5	97	101	101	136	374	0	0	0	0	0	0	0	0	0	0	0	0	0	0	0	0	0	0	0	0	151	159	269	0	0	30	30	20	0	0	0	0	0	0	0	60	19	255	Halls of the Dead Level 3	To The Halls of the Dead Level 3	A2L21	19	29	24	0	0	0	0	0	10	30	45	55	0	0	0	0	0
Act 2 - Tomb 3 Treasure	61	1	1	43	200	200	3000	2800	0	0	0	0	1	1	1	0	1	1	17	-1	-1	-1	-1	58	0	0	0	0	0	0	0	45	-1	-1	-1	-1	-1	-1	-1	0	255	255	255	0	0	1	0	1000	14	47	80	2200	0	1	1	0	6	74	74	75	75	98	102	0	0	0	0	0	0	0	0	0	0	0	0	0	0	0	0	0	0	0	0	0	0	0	0	0	0	0	0	0	0	0	0	0	0	0	0	0	0	0	0	0	0	0	0	6	74	74	75	75	98	102	0	0	0	0	0	0	0	0	0	0	0	0	0	0	0	0	0	0	0	151	159	269	0	0	30	30	20	0	0	0	0	0	0	0	60	19	255	Claw Viper Temple Level 2	To The Claw Viper Temple Level 2	A2L22	19	29	24	0	0	0	0	0	10	30	45	55	0	0	0	0	0
Act 2 - Lair 1 A	62	1	1	44	200	200	3500	1000	0	0	0	0	1	1	1	0	1	1	18	-1	-1	-1	-1	43	63	0	0	0	0	0	0	48	49	-1	-1	-1	-1	-1	-1	0	255	255	255	0	0	1	0	2025	17	50	83	990	0	2	1	0	5	68	69	88	92	93	0	0	0	0	0	0	0	0	0	0	0	0	0	0	0	0	0	0	0	0	0	0	0	0	0	0	0	0	0	0	0	0	0	0	0	0	0	0	0	0	0	0	0	0	0	5	68	69	88	92	93	0	0	0	0	0	0	0	0	0	0	0	0	0	0	0	0	0	0	0	0	151	159	269	0	0	30	30	20	0	0	0	0	0	0	0	8	20	255	Maggot Lair Level 1	To The Maggot Lair Level 1	A2L23	35	29	0	0	0	0	0	0	50	35	0	0	0	0	0	0	0
Act 2 - Lair 1 B	63	1	1	45	200	200	3500	1300	0	0	0	0	1	1	1	0	1	1	18	-1	-1	-1	-1	62	64	0	0	0	0	0	0	48	49	-1	-1	-1	-1	-1	-1	0	255	255	255	0	0	1	0	2025	17	50	83	990	0	2	1	0	5	68	69	88	92	93	0	0	0	0	0	0	0	0	0	0	0	0	0	0	0	0	0	0	0	0	0	0	0	0	0	0	0	0	0	0	0	0	0	0	0	0	0	0	0	0	0	0	0	0	0	5	68	69	88	92	93	0	0	0	0	0	0	0	0	0	0	0	0	0	0	0	0	0	0	0	0	151	159	269	0	0	30	30	20	0	0	0	0	0	0	0	8	20	255	Maggot Lair Level 2	To The Maggot Lair Level 2	A2L24	35	29	0	0	0	0	0	0	65	35	0	0	0	0	0	0	0
Act 2 - Lair 1 Treasure	64	1	1	46	200	200	3500	1600	0	0	0	0	1	1	1	0	1	1	18	-1	-1	-1	-1	63	0	0	0	0	0	0	0	48	-1	-1	-1	-1	-1	-1	-1	0	255	255	255	0	0	1	0	2025	17	50	83	990	0	2	1	0	5	68	69	88	92	93	0	0	0	0	0	0	0	0	0	0	0	0	0	0	0	0	0	0	0	0	0	0	0	0	0	0	0	0	0	0	0	0	0	0	0	0	0	0	0	0	0	0	0	0	0	5	68	69	88	92	93	0	0	0	0	0	0	0	0	0	0	0	0	0	0	0	0	0	0	0	0	151	159	269	0	0	30	30	20	0	0	0	0	0	0	0	8	20	255	Maggot Lair Level 3	To The Maggot Lair Level 3	A2L25	35	29	0	0	0	0	0	0	80	55	0	0	0	0	0	0	0
Act 2 - Sewer 2 A	65	1	1	47	200	200	4000	1000	0	0	0	0	1	1	1	0	1	1	13	-1	-1	-1	-1	44	0	0	0	0	0	0	0	22	-1	-1	-1	-1	-1	-1	-1	0	255	255	255	0	0	1	0	2025	17	50	83	680	0	2	1	0	4	9	31	98	390	0	0	0	0	0	0	0	0	0	0	0	0	0	0	0	0	0	0	0	0	0	0	0	0	0	0	0	0	0	0	0	0	0	0	0	0	0	0	0	0	0	0	0	0	0	0	4	9	31	98	390	0	0	0	0	0	0	0	0	0	0	0	0	0	0	0	0	0	0	0	0	0	151	159	269	0	0	30	100	20	0	0	0	0	0	0	0	8	15	255	Ancient Tunnels	To The Ancient Tunnels	A2L26	29	0	0	0	0	0	0	0	55	0	0	0	0	0	0	0	0
Act 2 - Tomb Tal 1	66	1	1	48	200	200	4500	1000	0	0	0	0	1	1	1	0	1	1	17	-1	-1	-1	-1	46	0	0	0	0	0	0	0	45	-1	-1	-1	-1	-1	-1	-1	0	255	255	255	0	0	1	0	2025	17	50	83	2200	0	2	1	0	7	41	94	99	103	103	131	187	0	0	0	0	0	0	0	0	0	0	0	0	0	0	0	0	0	0	0	0	0	0	0	0	0	0	0	0	0	0	0	0	0	0	0	0	0	0	0	0	0	0	0	7	41	94	99	103	103	131	187	0	0	0	0	0	0	0	0	0	0	0	0	0	0	0	0	0	0	151	159	269	0	0	30	30	20	0	0	0	0	0	0	0	8	19	255	Tal Rasha's Tomb	To Tal Rasha's Tomb	A2L27	19	29	32	78	0	0	0	0	10	40	5	10	0	0	0	0	0
Act 2 - Tomb Tal 2	67	1	1	49	200	200	4500	1300	0	0	0	0	1	1	1	0	1	1	17	-1	-1	-1	-1	46	0	0	0	0	0	0	0	45	-1	-1	-1	-1	-1	-1	-1	0	255	255	255	0	0	1	0	2025	17	50	83	2200	0	2	1	0	7	41	94	99	103	103	131	187	0	0	0	0	0	0	0	0	0	0	0	0	0	0	0	0	0	0	0	0	0	0	0	0	0	0	0	0	0	0	0	0	0	0	0	0	0	0	0	0	0	0	0	7	41	94	99	103	103	131	187	0	0	0	0	0	0	0	0	0	0	0	0	0	0	0	0	0	0	151	159	269	0	0	30	30	20	0	0	0	0	0	0	0	8	19	255	Tal Rasha's Tomb	To Tal Rasha's Tomb	A2L27	19	29	32	78	0	0	0	0	10	40	5	10	0	0	0	0	0
Act 2 - Tomb Tal 3	68	1	1	50	200	200	4500	1600	0	0	0	0	1	1	1	0	1	1	17	-1	-1	-1	-1	46	0	0	0	0	0	0	0	45	-1	-1	-1	-1	-1	-1	-1	0	255	255	255	0	0	1	0	2025	17	50	83	2200	0	2	1	0	7	41	94	99	103	103	131	187	0	0	0	0	0	0	0	0	0	0	0	0	0	0	0	0	0	0	0	0	0	0	0	0	0	0	0	0	0	0	0	0	0	0	0	0	0	0	0	0	0	0	0	7	41	94	99	103	103	131	187	0	0	0	0	0	0	0	0	0	0	0	0	0	0	0	0	0	0	151	159	269	0	0	30	30	20	0	0	0	0	0	0	0	8	19	255	Tal Rasha's Tomb	To Tal Rasha's Tomb	A2L27	19	29	32	78	0	0	0	0	10	40	5	10	0	0	0	0	0
Act 2 - Tomb Tal 4	69	1	1	51	200	200	4500	1900	0	0	0	0	1	1	1	0	1	1	17	-1	-1	-1	-1	46	0	0	0	0	0	0	0	45	-1	-1	-1	-1	-1	-1	-1	0	255	255	255	0	0	1	0	2025	17	50	83	2200	0	2	1	0	7	41	94	99	103	103	131	187	0	0	0	0	0	0	0	0	0	0	0	0	0	0	0	0	0	0	0	0	0	0	0	0	0	0	0	0	0	0	0	0	0	0	0	0	0	0	0	0	0	0	0	7	41	94	99	103	103	131	187	0	0	0	0	0	0	0	0	0	0	0	0	0	0	0	0	0	0	151	159	269	0	0	30	30	20	0	0	0	0	0	0	0	8	19	255	Tal Rasha's Tomb	To Tal Rasha's Tomb	A2L27	19	29	32	78	0	0	0	0	10	40	5	10	0	0	0	0	0
Act 2 - Tomb Tal 5	70	1	1	52	200	200	4500	2200	0	0	0	0	1	1	1	0	1	1	17	-1	-1	-1	-1	46	0	0	0	0	0	0	0	45	-1	-1	-1	-1	-1	-1	-1	0	255	255	255	0	0	1	0	2025	17	50	83	2200	0	2	1	0	7	41	94	99	103	103	131	187	0	0	0	0	0	0	0	0	0	0	0	0	0	0	0	0	0	0	0	0	0	0	0	0	0	0	0	0	0	0	0	0	0	0	0	0	0	0	0	0	0	0	0	7	41	94	99	103	103	131	187	0	0	0	0	0	0	0	0	0	0	0	0	0	0	0	0	0	0	151	159	269	0	0	30	30	20	0	0	0	0	0	0	0	8	19	255	Tal Rasha's Tomb	To Tal Rasha's Tomb	A2L27	19	29	32	78	0	0	0	0	10	40	5	10	0	0	0	0	0
Act 2 - Tomb Tal 6	71	1	1	53	200	200	4500	2500	0	0	0	0	1	1	1	0	1	1	17	-1	-1	-1	-1	46	0	0	0	0	0	0	0	45	-1	-1	-1	-1	-1	-1	-1	0	255	255	255	0	0	1	0	2025	17	50	83	2200	0	2	1	0	7	41	94	99	103	103	131	187	0	0	0	0	0	0	0	0	0	0	0	0	0	0	0	0	0	0	0	0	0	0	0	0	0	0	0	0	0	0	0	0	0	0	0	0	0	0	0	0	0	0	0	7	41	94	99	103	103	131	187	0	0	0	0	0	0	0	0	0	0	0	0	0	0	0	0	0	0	151	159	269	0	0	30	30	20	0	0	0	0	0	0	0	8	19	255	Tal Rasha's Tomb	To Tal Rasha's Tomb	A2L27	19	29	32	78	0	0	0	0	10	40	5	10	0	0	0	0	0
Act 2 - Tomb Tal 7	72	1	1	54	200	200	4500	2800	0	0	0	0	1	1	1	0	1	1	17	-1	-1	-1	-1	46	0	0	0	0	0	0	0	45	-1	-1	-1	-1	-1	-1	-1	0	255	255	255	0	0	1	0	2025	17	50	83	2200	0	2	1	0	7	41	94	99	103	103	131	187	0	0	0	0	0	0	0	0	0	0	0	0	0	0	0	0	0	0	0	0	0	0	0	0	0	0	0	0	0	0	0	0	0	0	0	0	0	0	0	0	0	0	0	7	41	94	99	103	103	131	187	0	0	0	0	0	0	0	0	0	0	0	0	0	0	0	0	0	0	151	159	269	0	0	30	30	20	0	0	0	0	0	0	0	8	19	255	Tal Rasha's Tomb	To Tal Rasha's Tomb	A2L27	19	29	32	78	0	0	0	0	10	40	5	10	0	0	0	0	0
Act 2 - Duriel's Lair	73	1	1	55	32	47	4500	3100	0	0	0	1	1	1	1	0	1	2	17	-1	-1	-1	-1	0	0	0	0	0	0	0	0	-1	-1	-1	-1	-1	-1	-1	-1	0	255	255	255	0	1	1	0	2025	17	50	83	2200	0	2	1	0	7	41	94	99	103	103	131	187	0	0	0	0	0	0	0	0	0	0	0	0	0	0	0	0	0	0	0	0	0	0	0	0	0	0	0	0	0	0	0	0	0	0	0	0	0	0	0	0	0	0	0	7	41	94	99	103	103	131	187	0	0	0	0	0	0	0	0	0	0	0	0	0	0	0	0	0	0	151	159	269	283	0	30	30	20	100	0	0	0	0	0	0	0	21	255	Duriel's Lair	To Duriel's Lair	A2L40	0	0	0	0	0	0	0	0	0	0	0	0	0	0	0	0	0
Act 2 - Arcane	74	1	1	56	200	200	5000	1000	0	0	0	1	1	1	1	0	1	1	19	-1	-1	-1	-1	0	0	0	0	0	0	0	0	-1	-1	-1	-1	-1	-1	-1	-1	128	255	255	255	1	1	1	11	3800	14	47	80	990	0	1	1	0	3	40	56	131	0	0	0	0	0	0	0	0	0	0	0	0	0	0	0	0	0	0	0	0	0	0	0	0	0	0	0	0	0	0	0	0	0	0	0	0	0	0	0	0	0	0	0	0	0	0	0	3	40	56	131	0	0	0	0	0	0	0	0	0	0	0	0	0	0	0	0	0	0	0	0	0	0	0	0	0	0	0	0	0	0	0	0	0	0	0	0	0	0	22	16	Arcane Sanctuary	To The Arcane Sanctuary	A2L41	53	75	0	0	0	0	0	0	75	75	0	0	0	0	0	0	0
Act 3 - Town	75	2	2	57	64	48	1000	1000	0	1	1	0	0	1	1	0	0	2	20	-1	-1	-1	-1	0	0	0	0	0	0	0	0	-1	-1	-1	-1	-1	-1	-1	-1	0	0	0	0	0	1	0	0	2025	0	33	66	0	0	0	0	0	0	0	0	0	0	0	0	0	0	0	0	0	0	0	0	0	0	0	0	0	0	0	0	0	0	0	0	0	0	0	0	0	0	0	0	0	0	0	0	0	0	0	0	0	0	0	0	0	0	0	0	0	0	0	0	0	0	0	0	0	0	0	0	0	0	0	0	0	0	0	0	0	0	0	0	0	0	0	0	0	0	0	0	0	0	0	0	0	0	0	0	0	0	23	18	Kurast Docktown	To The Kurast Docktown	A3L1	0	0	0	0	0	0	0	0	0	0	0	0	0	0	0	0	0
Act 3 - Jungle 1	76	2	2	57	64	192	-1	-1	0	1	1	0	0	1	1	0	0	3	21	-1	-1	-1	-1	84	85	0	0	0	0	0	0	51	51	-1	-1	-1	-1	-1	-1	0	0	0	0	0	0	1	0	2025	21	54	87	650	1	2	1	5	6	50	114	127	142	397	18	0	0	0	0	0	0	0	0	0	0	0	0	0	0	0	0	0	0	0	0	0	0	0	0	0	0	0	0	0	0	0	0	0	0	0	0	0	0	0	0	0	0	0	0	6	50	114	127	142	397	18	0	0	0	0	0	0	0	0	0	0	0	0	0	0	0	0	0	0	0	318	319	0	0	0	30	30	0	0	0	0	0	0	0	0	0	24	19	Spider Forest	To The Spider Forest	A3L2	31	43	40	52	69	0	0	0	50	15	45	35	30	0	0	0	0
Act 3 - Jungle 2	77	2	2	57	64	192	-1	-1	0	1	1	0	0	1	1	0	0	3	21	-1	-1	-1	-1	0	0	0	0	0	0	0	0	-1	-1	-1	-1	-1	-1	-1	-1	0	0	0	0	0	0	1	0	2025	21	54	87	650	1	2	1	5	6	247	248	128	8	279	118	0	0	0	0	0	0	0	0	0	0	0	0	0	0	0	0	0	0	0	0	0	0	0	0	0	0	0	0	0	0	0	0	0	0	0	0	0	0	0	0	0	0	0	0	6	247	248	128	8	279	118	0	0	0	0	0	0	0	0	0	0	0	0	0	0	0	0	0	0	0	318	319	0	0	0	30	30	0	0	0	0	0	0	0	0	0	24	20	Great Marsh	To The Great Marsh	A3L3	31	43	40	52	69	0	0	0	50	15	45	35	30	0	0	0	0
Act 3 - Jungle 3	78	2	2	57	64	192	-1	-1	0	1	1	0	0	1	1	0	0	3	21	-1	-1	-1	-1	86	88	0	0	0	0	0	0	53	54	-1	-1	-1	-1	-1	-1	0	0	0	0	0	0	1	0	2025	22	55	88	650	1	2	1	5	7	143	280	144	281	113	249	398	0	0	0	0	0	0	0	0	0	0	0	0	0	0	0	0	0	0	0	0	0	0	0	0	0	0	0	0	0	0	0	0	0	0	0	0	0	0	0	0	0	0	0	7	143	280	144	281	113	249	398	0	0	0	0	0	0	0	0	0	0	0	0	0	0	0	0	0	0	318	319	0	0	0	30	30	0	0	0	0	0	0	0	0	0	24	21	Flayer Jungle	To The Flayer Jungle	A3L4	31	43	40	52	43	69	0	0	50	15	45	35	50	25	0	0	0
Act 3 - Kurast 1	79	2	2	57	80	64	-1	-1	0	1	1	0	0	1	1	1	0	3	22	-1	-1	-1	-1	0	0	0	0	0	0	0	0	-1	-1	-1	-1	-1	-1	-1	-1	0	0	0	0	0	0	1	0	2025	22	55	88	325	1	2	1	0	4	51	81	112	235	0	0	0	0	0	0	0	0	0	0	0	0	0	0	0	0	0	0	0	0	0	0	0	0	0	0	0	0	0	0	0	0	0	0	0	0	0	0	0	0	0	0	0	0	0	0	4	51	81	112	235	0	0	0	0	0	0	0	0	0	0	0	0	0	0	0	0	0	0	0	0	0	318	319	0	0	0	30	30	0	0	0	0	0	0	0	0	0	25	22	Lower Kurast	To Lower Kurast	A3L5	31	76	40	42	43	69	0	0	33	15	35	40	40	15	0	0	0
Act 3 - Kurast 2	80	2	2	57	80	64	-1	-1	0	1	1	0	0	1	1	1	0	3	22	-1	-1	-1	-1	92	92	94	95	0	0	0	0	57	57	61	61	-1	-1	-1	-1	0	0	0	0	0	0	1	0	2025	22	55	88	325	1	2	1	0	4	129	90	236	238	0	0	0	0	0	0	0	0	0	0	0	0	0	0	0	0	0	0	0	0	0	0	0	0	0	0	0	0	0	0	0	0	0	0	0	0	0	0	0	0	0	0	0	0	0	0	4	129	90	236	238	0	0	0	0	0	0	0	0	0	0	0	0	0	0	0	0	0	0	0	0	0	318	319	0	0	0	30	30	0	0	0	0	0	0	0	0	0	25	23	Kurast Bazaar	To The Kurast Bazaar	A3L6	31	76	40	42	43	69	0	0	33	15	45	50	50	25	0	0	0
Act 3 - Kurast 3	81	2	2	57	80	64	-1	-1	0	1	1	0	0	1	1	1	0	3	22	-1	-1	-1	-1	92	92	96	97	0	0	0	0	57	57	61	61	-1	-1	-1	-1	0	0	0	0	0	0	1	0	2025	23	56	89	325	1	2	1	0	4	113	237	239	129	0	0	0	0	0	0	0	0	0	0	0	0	0	0	0	0	0	0	0	0	0	0	0	0	0	0	0	0	0	0	0	0	0	0	0	0	0	0	0	0	0	0	0	0	0	0	4	113	237	239	129	0	0	0	0	0	0	0	0	0	0	0	0	0	0	0	0	0	0	0	0	0	318	319	0	0	0	30	30	0	0	0	0	0	0	0	0	0	25	24	Upper Kurast	To Upper Kurast	A3L7	31	76	40	42	43	69	0	0	33	15	45	50	50	25	0	0	0
Act 3 - Kurast 4	82	2	2	57	48	16	-1	-1	0	1	1	0	0	1	1	1	0	3	22	-1	-1	-1	-1	0	0	98	99	0	0	0	0	-1	-1	61	61	-1	-1	-1	-1	0	0	0	0	0	0	1	0	2025	24	57	90	325	1	2	1	0	3	32	52	240	0	0	0	0	0	0	0	0	0	0	0	0	0	0	0	0	0	0	0	0	0	0	0	0	0	0	0	0	0	0	0	0	0	0	0	0	0	0	0	0	0	0	0	0	0	0	0	3	32	52	240	0	0	0	0	0	0	0	0	0	0	0	0	0	0	0	0	0	0	0	0	0	0	318	319	0	0	0	30	30	0	0	0	0	0	0	0	0	0	25	255	Kurast Causeway	To The Kurast Causeway	A3L8	31	76	40	42	43	69	0	0	33	15	45	50	50	25	0	0	0
Act 3 - Travincal	83	2	2	57	64	64	-1	-1	0	1	1	0	0	1	1	1	0	3	22	-1	-1	-1	-1	100	0	0	0	0	0	0	0	64	-1	-1	-1	-1	-1	-1	-1	0	0	0	0	0	0	1	0	2025	24	57	90	325	0	1	1	0	3	240	240	132	0	0	0	0	0	0	0	0	0	0	0	0	0	0	0	0	0	0	0	0	0	0	0	0	0	0	0	0	0	0	0	0	0	0	0	0	0	0	0	0	0	0	0	0	0	0	0	3	240	240	132	0	0	0	0	0	0	0	0	0	0	0	0	0	0	0	0	0	0	0	0	0	0	318	319	0	0	0	30	30	0	0	0	0	0	0	0	0	0	25	25	Travincal	To Travincal	A3L9	31	61	40	42	69	62	0	0	33	25	50	33	33	35	0	0	0
Act 3 - Spider 1	84	2	2	58	200	200	1500	1000	0	0	0	0	1	1	1	0	1	1	23	-1	-1	-1	-1	0	76	0	0	0	0	0	0	-1	52	-1	-1	-1	-1	-1	-1	30	255	255	255	0	0	1	0	2025	21	54	87	700	0	1	1	0	5	124	125	137	71	124	0	0	0	0	0	0	0	0	0	0	0	0	0	0	0	0	0	0	0	0	0	0	0	0	0	0	0	0	0	0	0	0	0	0	0	0	0	0	0	0	0	0	0	0	0	5	124	125	137	71	124	0	0	0	0	0	0	0	0	0	0	0	0	0	0	0	0	0	0	0	0	339	0	0	0	0	30	0	0	0	0	0	0	0	0	0	0	29	255	Spider Cave	To The Spider Cave	A3L10	0	2	68	62	0	0	0	0	35	35	35	35	0	0	0	0	0
Act 3 - Spider 2	85	2	2	59	200	200	1500	1300	0	0	0	0	1	1	1	0	1	1	23	-1	-1	-1	-1	0	76	0	0	0	0	0	0	-1	52	-1	-1	-1	-1	-1	-1	30	255	255	255	0	0	1	0	2025	21	54	87	700	0	1	1	0	5	124	125	137	71	124	0	0	0	0	0	0	0	0	0	0	0	0	0	0	0	0	0	0	0	0	0	0	0	0	0	0	0	0	0	0	0	0	0	0	0	0	0	0	0	0	0	0	0	0	0	5	124	125	137	71	124	0	0	0	0	0	0	0	0	0	0	0	0	0	0	0	0	0	0	0	0	339	0	0	0	0	30	0	0	0	0	0	0	0	0	0	0	29	255	Spider Cavern	To The Spider Cavern	A3L11	0	2	68	62	0	0	0	0	35	35	35	35	0	0	0	0	0
Act 3 - Dungeon 1 A	86	2	2	60	200	200	2000	1000	0	0	0	0	1	1	1	0	1	1	24	-1	-1	-1	-1	87	78	0	0	0	0	0	0	56	55	-1	-1	-1	-1	-1	-1	0	255	255	255	0	0	1	0	1000	21	54	87	700	0	1	1	0	5	99	215	137	118	216	0	0	0	0	0	0	0	0	0	0	0	0	0	0	0	0	0	0	0	0	0	0	0	0	0	0	0	0	0	0	0	0	0	0	0	0	0	0	0	0	0	0	0	0	0	5	99	215	137	118	216	0	0	0	0	0	0	0	0	0	0	0	0	0	0	0	0	0	0	0	0	151	0	0	0	0	30	0	0	0	0	0	0	0	0	0	0	27	255	Swampy Pit Level 1	To The Swampy Pit Level 1	A3L12	66	67	62	64	72	0	0	0	80	80	35	35	35	0	0	0	0
Act 3 - Dungeon 1 B	87	2	2	61	200	200	2000	1300	0	0	0	0	1	1	1	0	1	1	24	-1	-1	-1	-1	90	86	0	0	0	0	0	0	56	55	-1	-1	-1	-1	-1	-1	0	255	255	255	0	0	1	0	1000	21	54	87	700	0	1	1	0	5	215	8	137	118	216	0	0	0	0	0	0	0	0	0	0	0	0	0	0	0	0	0	0	0	0	0	0	0	0	0	0	0	0	0	0	0	0	0	0	0	0	0	0	0	0	0	0	0	0	0	5	215	8	137	118	216	0	0	0	0	0	0	0	0	0	0	0	0	0	0	0	0	0	0	0	0	151	0	0	0	0	30	0	0	0	0	0	0	0	0	0	0	27	255	Swampy Pit Level 2	To The Swampy Pit Level 2	A3L13	66	67	62	64	72	0	0	0	80	80	35	35	35	0	0	0	0
Act 3 - Dungeon 2 A	88	2	2	62	200	200	2000	1600	0	0	0	0	1	1	1	0	1	1	24	-1	-1	-1	-1	89	78	0	0	0	0	0	0	56	55	-1	-1	-1	-1	-1	-1	0	255	255	255	0	0	1	0	1000	22	55	88	700	0	1	1	0	8	143	280	144	281	138	42	398	214	0	0	0	0	0	0	0	0	0	0	0	0	0	0	0	0	0	0	0	0	0	0	0	0	0	0	0	0	0	0	0	0	0	0	0	0	0	0	0	0	0	0	8	143	280	144	281	138	42	398	214	0	0	0	0	0	0	0	0	0	0	0	0	0	0	0	0	0	151	0	0	0	0	30	0	0	0	0	0	0	0	0	0	0	27	255	Flayer Dungeon Level 1	To The Flayer Dungeon Level 1	A3L14	66	67	62	64	72	0	0	0	80	80	35	35	35	0	0	0	0
Act 3 - Dungeon 2 B	89	2	2	63	200	200	2000	1900	0	0	0	0	1	1	1	0	1	1	24	-1	-1	-1	-1	91	88	0	0	0	0	0	0	56	55	-1	-1	-1	-1	-1	-1	0	255	255	255	0	0	1	0	1000	22	55	88	700	0	1	1	0	8	143	280	144	281	138	42	398	214	0	0	0	0	0	0	0	0	0	0	0	0	0	0	0	0	0	0	0	0	0	0	0	0	0	0	0	0	0	0	0	0	0	0	0	0	0	0	0	0	0	0	8	143	280	144	281	138	42	398	214	0	0	0	0	0	0	0	0	0	0	0	0	0	0	0	0	0	151	0	0	0	0	30	0	0	0	0	0	0	0	0	0	0	27	255	Flayer Dungeon Level 2	To The Flayer Dungeon Level 2	A3L15	66	67	62	64	72	0	0	0	80	80	35	35	35	0	0	0	0
Act 3 - Dungeon 1 Treasure	90	2	2	64	40	40	2000	2200	0	0	0	0	1	1	1	0	1	2	24	-1	-1	-1	-1	0	87	0	0	0	0	0	0	-1	55	-1	-1	-1	-1	-1	-1	0	255	255	255	0	0	1	0	1000	21	54	87	700	0	1	1	0	4	215	216	137	118	0	0	0	0	0	0	0	0	0	0	0	0	0	0	0	0	0	0	0	0	0	0	0	0	0	0	0	0	0	0	0	0	0	0	0	0	0	0	0	0	0	0	0	0	0	0	4	115	216	137	118	0	0	0	0	0	0	0	0	0	0	0	0	0	0	0	0	0	0	0	0	0	151	0	0	0	0	30	0	0	0	0	0	0	0	0	0	0	27	255	Swampy Pit Level 3	To The Swampy Pit Level 3	A3L16	66	67	62	64	72	0	0	0	80	80	35	35	35	0	0	0	0
Act 3 - Dungeon 2 Treasure	91	2	2	65	40	40	2000	2340	0	0	0	0	1	1	1	0	1	2	24	-1	-1	-1	-1	0	89	0	0	0	0	0	0	-1	55	-1	-1	-1	-1	-1	-1	0	255	255	255	0	0	1	0	1000	22	55	88	700	0	1	1	0	8	143	280	144	281	138	42	398	214	0	0	0	0	0	0	0	0	0	0	0	0	0	0	0	0	0	0	0	0	0	0	0	0	0	0	0	0	0	0	0	0	0	0	0	0	0	0	0	0	0	0	8	143	280	144	281	138	42	398	214	0	0	0	0	0	0	0	0	0	0	0	0	0	0	0	0	0	151	0	0	0	0	30	0	0	0	0	0	0	0	0	0	0	27	255	Flayer Dungeon Level 3	To The Flayer Dungeon Level 3	A3L17	66	67	62	64	72	0	0	0	80	55	35	35	35	0	0	0	0
Act 3 - Sewer 1	92	2	2	66	200	200	2500	1000	0	0	0	0	1	1	1	0	1	1	25	-1	-1	-1	-1	80	80	81	81	93	0	0	0	58	59	58	59	60	-1	-1	-1	0	255	255	255	0	0	1	0	2025	23	56	89	650	1	2	1	0	5	99	115	138	104	215	0	0	0	0	0	0	0	0	0	0	0	0	0	0	0	0	0	0	0	0	0	0	0	0	0	0	0	0	0	0	0	0	0	0	0	0	0	0	0	0	0	0	0	0	0	5	99	115	138	104	215	0	0	0	0	0	0	0	0	0	0	0	0	0	0	0	0	0	0	0	0	151	151	0	0	0	100	100	0	0	0	0	0	0	0	0	0	26	255	Sewers Level 1	To The Sewers Level 1	A3L18	64	70	62	65	0	0	0	0	50	50	35	45	45	0	0	0	0
Act 3 - Sewer 2	93	2	2	67	18	22	2500	1300	0	0	0	0	1	1	1	0	1	2	25	-1	-1	-1	-1	92	0	0	0	0	0	0	0	58	-1	-1	-1	-1	-1	-1	-1	0	255	255	255	0	0	1	0	2025	24	57	90	650	1	2	1	0	5	99	104	117	249	215	0	0	0	0	0	0	0	0	0	0	0	0	0	0	0	0	0	0	0	0	0	0	0	0	0	0	0	0	0	0	0	0	0	0	0	0	0	0	0	0	0	0	0	0	0	5	99	104	117	249	215	0	0	0	0	0	0	0	0	0	0	0	0	0	0	0	0	0	0	0	0	151	151	0	0	0	100	100	0	0	0	0	0	0	0	0	0	26	255	Sewers Level 2	To The Sewers Level 2	A3L19	64	70	62	65	0	0	0	0	50	50	35	45	45	0	0	0	0
Act 3 - Temple 1	94	2	2	68	24	24	3000	1000	0	0	0	0	1	1	1	0	1	2	22	-1	-1	-1	-1	80	80	0	0	0	0	0	0	62	63	-1	-1	-1	-1	-1	-1	0	255	255	255	0	0	1	0	100	23	56	89	990	1	2	1	0	4	27	47	126	132	0	0	0	0	0	0	0	0	0	0	0	0	0	0	0	0	0	0	0	0	0	0	0	0	0	0	0	0	0	0	0	0	0	0	0	0	0	0	0	0	0	0	0	0	0	0	4	27	47	126	132	0	0	0	0	0	0	0	0	0	0	0	0	0	0	0	0	0	0	0	0	0	151	0	0	0	0	30	0	0	0	0	0	0	0	0	0	0	28	255	Ruined Temple	To The Ruined Temple	A3L20	60	61	59	60	0	0	0	0	50	25	45	33	0	0	0	0	0
Act 3 - Temple 2	95	2	2	69	24	24	3000	1124	0	0	0	0	1	1	1	0	1	2	22	-1	-1	-1	-1	80	80	0	0	0	0	0	0	62	63	-1	-1	-1	-1	-1	-1	0	255	255	255	0	0	1	0	100	23	56	89	990	1	2	1	0	4	27	47	126	132	0	0	0	0	0	0	0	0	0	0	0	0	0	0	0	0	0	0	0	0	0	0	0	0	0	0	0	0	0	0	0	0	0	0	0	0	0	0	0	0	0	0	0	0	0	0	4	27	47	126	132	0	0	0	0	0	0	0	0	0	0	0	0	0	0	0	0	0	0	0	0	0	151	0	0	0	0	30	0	0	0	0	0	0	0	0	0	0	28	255	Disused Fane	To The Disused Fane	A3L21	60	61	59	60	0	0	0	0	50	25	45	33	0	0	0	0	0
Act 3 - Temple 3	96	2	2	70	24	24	3000	1248	0	0	0	0	1	1	1	0	1	2	22	-1	-1	-1	-1	81	81	0	0	0	0	0	0	62	63	-1	-1	-1	-1	-1	-1	0	255	255	255	0	0	1	0	100	23	56	89	990	1	2	1	0	4	27	47	126	132	0	0	0	0	0	0	0	0	0	0	0	0	0	0	0	0	0	0	0	0	0	0	0	0	0	0	0	0	0	0	0	0	0	0	0	0	0	0	0	0	0	0	0	0	0	0	4	27	47	126	132	0	0	0	0	0	0	0	0	0	0	0	0	0	0	0	0	0	0	0	0	0	151	0	0	0	0	30	0	0	0	0	0	0	0	0	0	0	28	255	Forgotten Reliquary	To The Forgotten Reliquary	A3L22	60	61	59	60	0	0	0	0	50	25	45	33	0	0	0	0	0
Act 3 - Temple 4	97	2	2	71	24	24	3000	1372	0	0	0	0	1	1	1	0	1	2	22	-1	-1	-1	-1	81	81	0	0	0	0	0	0	62	63	-1	-1	-1	-1	-1	-1	0	255	255	255	0	0	1	0	100	24	57	90	990	1	2	1	0	4	77	95	139	164	0	0	0	0	0	0	0	0	0	0	0	0	0	0	0	0	0	0	0	0	0	0	0	0	0	0	0	0	0	0	0	0	0	0	0	0	0	0	0	0	0	0	0	0	0	0	4	77	95	139	164	0	0	0	0	0	0	0	0	0	0	0	0	0	0	0	0	0	0	0	0	0	151	0	0	0	0	30	0	0	0	0	0	0	0	0	0	0	28	255	Forgotten Temple	To The Forgotten Temple	A3L23	60	61	59	60	0	0	0	0	50	25	45	33	0	0	0	0	0
Act 3 - Temple 5	98	2	2	72	24	24	3000	1496	0	0	0	0	1	1	1	0	1	2	22	-1	-1	-1	-1	82	82	0	0	0	0	0	0	62	63	-1	-1	-1	-1	-1	-1	0	255	255	255	0	0	1	0	100	24	57	90	990	1	2	1	0	4	77	95	139	164	0	0	0	0	0	0	0	0	0	0	0	0	0	0	0	0	0	0	0	0	0	0	0	0	0	0	0	0	0	0	0	0	0	0	0	0	0	0	0	0	0	0	0	0	0	0	4	77	95	139	164	0	0	0	0	0	0	0	0	0	0	0	0	0	0	0	0	0	0	0	0	0	151	0	0	0	0	30	0	0	0	0	0	0	0	0	0	0	28	255	Ruined Fane	To The Ruined Fane	A3L24	60	61	59	60	0	0	0	0	50	25	45	33	0	0	0	0	0
Act 3 - Temple 6	99	2	2	73	24	24	3000	1620	0	0	0	0	1	1	1	0	1	2	22	-1	-1	-1	-1	82	82	0	0	0	0	0	0	62	63	-1	-1	-1	-1	-1	-1	0	255	255	255	0	0	1	0	100	24	57	90	990	1	2	1	0	4	77	95	139	164	0	0	0	0	0	0	0	0	0	0	0	0	0	0	0	0	0	0	0	0	0	0	0	0	0	0	0	0	0	0	0	0	0	0	0	0	0	0	0	0	0	0	0	0	0	0	4	77	95	139	164	0	0	0	0	0	0	0	0	0	0	0	0	0	0	0	0	0	0	0	0	0	151	0	0	0	0	30	0	0	0	0	0	0	0	0	0	0	28	255	Disused Reliquary	To The Disused Reliquary	A3L25	60	61	59	60	0	0	0	0	50	25	45	33	0	0	0	0	0
Act 3 - Mephisto 1	100	2	2	74	200	200	3500	1000	0	0	0	0	1	1	1	0	1	1	22	-1	-1	-1	-1	101	101	83	83	0	0	0	0	67	68	65	66	-1	-1	-1	-1	0	255	255	255	0	0	1	0	3800	25	58	91	800	1	2	1	0	4	100	133	188	216	0	0	0	0	0	0	0	0	0	0	0	0	0	0	0	0	0	0	0	0	0	0	0	0	0	0	0	0	0	0	0	0	0	0	0	0	0	0	0	0	0	0	0	0	0	0	4	100	133	188	216	0	0	0	0	0	0	0	0	0	0	0	0	0	0	0	0	0	0	0	0	0	159	0	0	0	0	30	0	0	0	0	0	0	0	0	0	0	30	255	Durance of Hate Level 1	To The Durance of Hate Level 1	A3L26	60	61	59	74	0	0	0	0	50	25	45	45	0	0	0	0	0
Act 3 - Mephisto 2	101	2	2	75	200	200	3500	1300	0	0	0	0	1	1	1	0	1	1	22	-1	-1	-1	-1	102	102	100	100	0	0	0	0	67	68	65	66	-1	-1	-1	-1	0	255	255	255	0	0	1	0	3700	25	58	91	800	1	2	1	0	4	100	133	188	216	0	0	0	0	0	0	0	0	0	0	0	0	0	0	0	0	0	0	0	0	0	0	0	0	0	0	0	0	0	0	0	0	0	0	0	0	0	0	0	0	0	0	0	0	0	0	4	100	133	188	216	0	0	0	0	0	0	0	0	0	0	0	0	0	0	0	0	0	0	0	0	0	159	0	0	0	0	30	0	0	0	0	0	0	0	0	0	0	30	26	Durance of Hate Level 2	To The Durance of Hate Level 2	A3L27	60	61	59	74	0	0	0	0	50	25	45	45	0	0	0	0	0
Act 3 - Mephisto 3	102	2	2	76	41	29	3500	1600	0	0	0	0	1	1	1	0	1	2	22	-1	-1	-1	-1	0	0	101	101	0	0	0	0	-1	-1	65	66	-1	-1	-1	-1	0	255	255	255	0	1	1	0	3800	25	58	91	800	1	2	1	0	2	134	134	134	0	0	0	0	0	0	0	0	0	0	0	0	0	0	0	0	0	0	0	0	0	0	0	0	0	0	0	0	0	0	0	0	0	0	0	0	0	0	0	0	0	0	0	0	0	0	0	2	134	216	0	0	0	0	0	0	0	0	0	0	0	0	0	0	0	0	0	0	0	0	0	0	0	159	0	0	0	0	30	0	0	0	0	0	0	0	0	0	0	30	255	Durance of Hate Level 3	To The Durance of Hate Level 3	A3L28	60	61	59	74	0	0	0	0	50	25	45	45	0	0	0	0	0
Act 4 - Town	103	3	3	77	32	24	1000	1000	0	0	0	0	0	1	1	0	0	2	26	-1	-1	-1	-1	0	0	0	0	0	0	0	0	-1	-1	-1	-1	-1	-1	-1	-1	140	255	255	255	0	1	0	0	2025	0	33	66	0	0	0	0	0	0	0	0	0	0	0	0	0	0	0	0	0	0	0	0	0	0	0	0	0	0	0	0	0	0	0	0	0	0	0	0	0	0	0	0	0	0	0	0	0	0	0	0	0	0	0	0	0	0	0	0	0	0	0	0	0	0	0	0	0	0	0	0	0	0	0	0	0	0	0	0	0	0	0	0	0	0	0	0	0	0	0	0	0	0	0	0	0	0	0	0	0	0	31	27	The Pandemonium Fortress	To The Pandemonium Fortress	A4L1	0	0	0	0	0	0	0	0	0	0	0	0	0	0	0	0	0
Act 4 - Mesa 1	104	3	3	77	80	64	-1	-1	0	0	0	0	0	1	1	0	0	3	27	-1	-1	-1	-1	0	0	0	0	0	0	0	0	-1	-1	-1	-1	-1	-1	-1	-1	120	255	255	255	0	0	1	0	3900	26	59	92	800	0	1	1	0	6	82	298	304	307	310	362	0	0	0	0	0	0	0	0	0	0	0	0	0	0	0	0	0	0	0	0	0	0	0	0	0	0	0	0	0	0	0	0	0	0	0	0	0	0	0	0	0	0	0	0	6	82	298	304	307	310	360	0	0	0	0	0	0	0	0	0	0	0	0	0	0	0	0	0	0	0	0	0	0	0	0	0	0	0	0	0	0	0	0	0	0	0	32	255	Outer Steppes	To The Outer Steppes	A4L2	46	47	77	0	0	0	0	0	30	80	70	0	0	0	0	0	0
Act 4 - Mesa 2	105	3	3	77	64	80	-1	-1	0	0	0	0	0	1	1	0	0	3	27	-1	-1	-1	-1	0	0	0	0	0	0	0	0	-1	-1	-1	-1	-1	-1	-1	-1	80	255	255	255	0	0	1	0	2025	26	59	92	800	0	1	1	0	6	120	298	304	307	310	362	0	0	0	0	0	0	0	0	0	0	0	0	0	0	0	0	0	0	0	0	0	0	0	0	0	0	0	0	0	0	0	0	0	0	0	0	0	0	0	0	0	0	0	0	6	120	298	304	307	310	361	0	0	0	0	0	0	0	0	0	0	0	0	0	0	0	0	0	0	0	0	0	0	0	0	0	0	0	0	0	0	0	0	0	0	0	32	255	Plains of Despair	To The Plains of Despair	A4L3	46	47	77	0	0	0	0	0	30	80	70	0	0	0	0	0	0
Act 4 - Mesa 3	106	3	3	77	80	64	-1	-1	0	0	0	0	0	1	1	0	0	3	27	-1	-1	-1	-1	0	107	0	0	0	0	0	0	-1	69	-1	-1	-1	-1	-1	-1	40	255	255	255	0	0	1	0	2025	27	60	93	800	0	1	1	0	7	14	140	299	305	308	311	361	0	0	0	0	0	0	0	0	0	0	0	0	0	0	0	0	0	0	0	0	0	0	0	0	0	0	0	0	0	0	0	0	0	0	0	0	0	0	0	0	0	0	0	7	14	140	299	305	308	311	361	0	0	0	0	0	0	0	0	0	0	0	0	0	0	0	0	0	0	0	0	0	0	0	0	0	0	0	0	0	0	0	0	0	0	32	28	City of the Damned	To The City of the Damned	A4L4	46	47	77	0	0	0	0	0	30	80	70	0	0	0	0	0	0
Act 4 - Lava 1	107	3	3	78	200	200	-1	-1	0	0	0	0	0	1	1	0	0	1	28	-1	-1	-1	-1	106	108	0	0	0	0	0	0	70	-1	-1	-1	-1	-1	-1	-1	120	255	255	255	0	0	1	0	3800	27	60	93	800	0	1	1	5	7	72	189	300	305	309	311	361	0	0	0	0	0	0	0	0	0	0	0	0	0	0	0	0	0	0	0	0	0	0	0	0	0	0	0	0	0	0	0	0	0	0	0	0	0	0	0	0	0	0	0	7	72	189	300	305	309	311	362	0	0	0	0	0	0	0	0	0	0	0	0	0	0	0	0	0	0	0	0	0	0	0	0	0	0	0	0	0	0	0	0	0	0	33	29	River of Flame	To The River of Flame	A4L5	48	49	0	0	0	0	0	0	90	60	0	0	0	0	0	0	0
Act 4 - Diablo 1	108	3	3	78	120	120	1500	1000	0	0	0	0	0	1	1	0	0	3	28	-1	-1	-1	-1	107	0	0	0	0	0	0	0	-1	-1	-1	-1	-1	-1	-1	-1	80	255	255	255	0	0	1	0	2025	28	61	94	800	0	1	1	0	3	306	312	362	0	0	0	0	0	0	0	0	0	0	0	0	0	0	0	0	0	0	0	0	0	0	0	0	0	0	0	0	0	0	0	0	0	0	0	0	0	0	0	0	0	0	0	0	0	0	0	3	306	312	362	0	0	0	0	0	0	0	0	0	0	0	0	0	0	0	0	0	0	0	0	0	0	0	0	0	0	0	0	0	0	0	0	0	0	0	0	0	0	34	255	Chaos Sanctum	To Chaos Sanctum	A4L6	48	49	0	0	0	0	0	0	30	50	0	0	0	0	0	0	0
Expansion																																																																																																																																																																											
Act 5 - Town	109	4	4	79	40	40	1000	1000	0	1	0	0	0	1	1	0	0	2	29	-1	-1	-1	-1	0	0	0	0	0	0	0	0	-1	-1	-1	-1	-1	-1	-1	-1	0	0	0	0	0	1	0	0	2025	0	33	66	0	0	0	0	0	0	0	0	0	0	0	0	0	0	0	0	0	0	0	0	0	0	0	0	0	0	0	0	0	0	0	0	0	0	0	0	0	0	0	0	0	0	0	0	0	0	0	0	0	0	0	0	0	0	0	0	0	0	0	0	0	0	0	0	0	0	0	0	0	0	0	0	0	0	0	0	0	0	0	0	0	0	0	0	0	0	0	0	0	0	0	0	0	0	0	0	0	0	36	30	Harrogath	To Harrogath	A5L1	0	0	0	0	0	0	0	0	0	0	0	0	0	0	0	0	0
Act 5 - Siege 1	110	4	4	79	240	48	760	1000	0	1	0	0	0	0	1	0	0	3	30	-1	-1	-1	-1	0	0	0	0	0	0	0	0	-1	-1	-1	-1	-1	-1	-1	-1	0	0	0	0	0	0	1	0	2025	24	57	90	0	2	4	0	0	2	17	93	0	0	0	0	0	0	0	0	0	0	0	0	0	0	0	0	0	0	0	0	0	0	0	0	0	0	0	0	0	0	0	0	0	0	0	0	0	0	0	0	0	0	0	0	0	0	0	0	2	17	56	0	0	0	0	0	0	0	0	0	0	0	0	0	0	0	0	0	0	0	0	0	0	0	120	0	0	0	0	3	0	0	0	0	0	0	0	0	0	0	37	255	Bloody Foothills	To The Bloody Foothills	A5L2	99	100	101	102	103	104	105	106	40	25	25	25	25	25	25	25	0
Act 5 - Barricade 1	111	4	4	79	-1	-1	-1	-1	0	1	0	0	0	0	1	0	0	3	31	10	1	-1	-1	0	0	0	0	0	0	0	0	-1	-1	-1	-1	-1	-1	-1	-1	0	0	0	0	0	0	1	0	3900	25	58	91	450	2	4	0	0	2	56	6	0	0	0	0	0	0	0	0	0	0	0	0	0	0	0	0	0	0	0	0	0	0	0	0	0	0	0	0	0	0	0	0	0	0	0	0	0	0	0	0	0	0	0	0	0	0	0	0	1	57	0	0	0	0	0	0	0	0	0	0	0	0	0	0	0	0	0	0	0	0	0	0	0	0	120	0	0	0	0	2	0	0	0	0	0	0	0	0	0	0	37	31	Rigid Highlands	To The Rigid Highlands	A5L3	99	100	101	102	103	104	105	106	25	25	25	25	25	25	25	25	0
Act 5 - Barricade 2	112	4	4	79	-1	-1	-1	-1	0	1	0	0	0	0	1	0	0	3	31	10	1	-1	-1	0	0	113	0	0	0	0	0	-1	-1	71	-1	-1	-1	-1	-1	0	0	0	0	0	0	1	0	2025	26	59	92	350	2	4	0	0	2	44	18	0	0	0	0	0	0	0	0	0	0	0	0	0	0	0	0	0	0	0	0	0	0	0	0	0	0	0	0	0	0	0	0	0	0	0	0	0	0	0	0	0	0	0	0	0	0	0	0	1	44	0	0	0	0	0	0	0	0	0	0	0	0	0	0	0	0	0	0	0	0	0	0	0	0	120	0	0	0	0	2	0	0	0	0	0	0	0	0	0	0	37	32	Arreat Plateau	To The Arreat Plateau	A5L4	99	100	101	102	103	104	105	106	25	25	25	26	25	25	25	25	0
Act 5 - Ice Cave 1	113	4	4	80	200	200	2000	1000	0	0	0	0	1	1	1	0	1	1	33	-1	-1	-1	-1	112	115	114	0	0	0	0	0	73	74	75	-1	-1	-1	-1	-1	30	255	255	255	0	0	1	0	2025	29	62	95	700	0	1	1	0	3	65	35	70	0	0	0	0	0	0	0	0	0	0	0	0	0	0	0	0	0	0	0	0	0	0	0	0	0	0	0	0	0	0	0	0	0	0	0	0	0	0	0	0	0	0	0	0	0	0	0	2	10	70	0	0	0	0	0	0	0	0	0	0	0	0	0	0	0	0	0	0	0	0	0	0	0	0	0	0	0	0	0	0	0	0	0	0	0	0	0	0	0	39	33	Crystalized Cavern Level 1	To The Crystalized Cavern Level 1	A5L7	107	108	109	123	129	110	0	0	25	25	70	25	25	25	0	0	0
Act 5 - Ice Cave 1A	114	4	4	81	64	64	2000	1300	0	0	0	0	1	1	1	0	1	1	33	-1	-1	-1	-1	113	0	0	0	0	0	0	0	73	-1	-1	-1	-1	-1	-1	-1	30	255	255	255	0	0	1	0	2025	29	62	95	800	0	1	1	0	3	11	37	0	0	0	0	0	0	0	0	0	0	0	0	0	0	0	0	0	0	0	0	0	0	0	0	0	0	0	0	0	0	0	0	0	0	0	0	0	0	0	0	0	0	0	0	0	0	0	0	3	66	95	70	0	0	0	0	0	0	0	0	0	0	0	0	0	0	0	0	0	0	0	0	0	0	0	0	0	0	0	0	0	0	0	0	0	0	0	0	0	0	39	255	Cellar of Pity	To The Cellar of Pity	A5L8	107	108	109	123	129	110	0	0	25	25	70	25	25	25	0	0	0
Act 5 - Ice Cave 2	115	4	4	82	200	200	2000	1464	0	0	0	0	1	1	1	0	1	1	33	-1	-1	-1	-1	113	117	116	0	0	0	0	0	73	74	75	-1	-1	-1	-1	-1	30	255	255	255	0	0	1	0	2025	29	62	95	700	0	1	1	0	3	95	1	66	0	0	0	0	0	0	0	0	0	0	0	0	0	0	0	0	0	0	0	0	0	0	0	0	0	0	0	0	0	0	0	0	0	0	0	0	0	0	0	0	0	0	0	0	0	0	0	2	11	95	0	0	0	0	0	0	0	0	0	0	0	0	0	0	0	0	0	0	0	0	0	0	0	0	0	0	0	0	0	0	0	0	0	0	0	0	0	0	0	40	34	Crystalized Cavern Level 2	To The Crystalized Cavern Level 2	A5L9	107	108	109	123	129	110	0	0	25	25	70	25	25	25	0	0	0
Act 5 - Ice Cave 2A	116	4	4	83	32	32	2000	1764	0	0	0	0	1	1	1	0	1	1	33	-1	-1	-1	-1	115	0	0	0	0	0	0	0	73	-1	-1	-1	-1	-1	-1	-1	30	255	255	255	0	0	1	0	2025	29	62	95	600	0	1	1	0	2	10	34	0	0	0	0	0	0	0	0	0	0	0	0	0	0	0	0	0	0	0	0	0	0	0	0	0	0	0	0	0	0	0	0	0	0	0	0	0	0	0	0	0	0	0	0	0	0	0	0	2	35	67	0	0	0	0	0	0	0	0	0	0	0	0	0	0	0	0	0	0	0	0	0	0	0	0	0	0	0	0	0	0	0	0	0	0	0	0	0	0	0	40	255	Echo Chamber	To The Echo Chamber	A5L10	107	108	109	123	129	110	0	0	25	25	70	25	25	25	0	0	0
Act 5 - Barricade Snow	117	4	4	84	128	80	2000	1896	0	1	0	0	0	0	1	0	0	3	31	11	1	-1	-1	115	0	118	0	0	0	0	0	72	-1	71	-1	-1	-1	-1	-1	0	0	0	0	0	0	1	0	2025	27	60	93	550	2	3	0	0	2	6	59	0	0	0	0	0	0	0	0	0	0	0	0	0	0	0	0	0	0	0	0	0	0	0	0	0	0	0	0	0	0	0	0	0	0	0	0	0	0	0	0	0	0	0	0	0	0	0	0	1	59	0	0	0	0	0	0	0	0	0	0	0	0	0	0	0	0	0	0	0	0	0	0	0	0	120	0	0	0	0	2	0	0	0	0	0	0	0	0	0	0	38	36	Tundra Wastelands	To The Tundra Wastelands	A5L5	112	111	113	114	115	129	0	0	25	25	25	25	25	25	0	0	0
Act 5 - Ice Cave 3	118	4	4	85	200	200	2000	2076	0	0	0	0	1	1	1	0	1	1	33	-1	-1	-1	-1	117	120	119	0	0	0	0	0	73	74	75	-1	-1	-1	-1	-1	30	255	255	255	0	0	1	0	2025	29	62	95	650	0	1	1	0	3	67	95	70	0	0	0	0	0	0	0	0	0	0	0	0	0	0	0	0	0	0	0	0	0	0	0	0	0	0	0	0	0	0	0	0	0	0	0	0	0	0	0	0	0	0	0	0	0	0	0	2	67	33	0	0	0	0	0	0	0	0	0	0	0	0	0	0	0	0	0	0	0	0	0	0	0	0	0	0	0	0	0	0	0	0	0	0	0	0	0	0	0	41	37	Glacial Caves Level 1	To The Glacier Caves Level 1	A5L11	107	108	109	123	129	110	0	0	25	25	70	25	25	25	0	0	0
Act 5 - Ice Cave 3A	119	4	4	86	32	32	2000	2376	0	0	0	0	1	1	1	0	1	1	33	-1	-1	-1	-1	118	0	0	0	0	0	0	0	73	-1	-1	-1	-1	-1	-1	-1	30	255	255	255	0	0	1	0	2025	29	62	95	650	0	1	1	0	3	13	35	2	0	0	0	0	0	0	0	0	0	0	0	0	0	0	0	0	0	0	0	0	0	0	0	0	0	0	0	0	0	0	0	0	0	0	0	0	0	0	0	0	0	0	0	0	0	0	0	3	37	97	13	0	0	0	0	0	0	0	0	0	0	0	0	0	0	0	0	0	0	0	0	0	0	0	0	0	0	0	0	0	0	0	0	0	0	0	0	0	0	41	255	Glacial Caves Level 2	To The Glacier Caves Level 2	A5L12	107	108	109	123	129	110	0	0	25	25	70	25	25	25	0	0	0
Act 5 - Mountain Top	120	4	4	87	20	28	2000	2508	0	1	0	1	0	0	1	0	0	2	31	-1	1	-1	-1	118	128	0	0	0	0	0	0	79	80	-1	-1	-1	-1	-1	-1	0	0	0	0	0	0	1	0	0	27	60	93	0	0	0	0	0	3	104	105	106	0	0	0	0	0	0	0	0	0	0	0	0	0	0	0	0	0	0	0	0	0	0	0	0	0	0	0	0	0	0	0	0	0	0	0	0	0	0	0	0	0	0	0	0	0	0	0	3	104	105	106	0	0	0	0	0	0	0	0	0	0	0	0	0	0	0	0	0	0	0	0	0	0	0	0	0	0	0	0	0	0	0	0	0	0	0	0	0	0	42	255	Rocky Summit	To The Rocky Summit	A5L6	0	0	0	0	0	0	0	0	0	0	0	0	0	0	0	0	0
Act 5 - Temple Entrance	121	4	4	88	22	27	2000	2636	0	1	0	0	0	0	1	0	1	2	31	-1	-1	-1	-1	0	122	0	0	0	0	0	0	-1	76	-1	-1	-1	-1	-1	-1	0	255	255	255	0	1	1	0	2025	32	65	98	0	0	0	0	0	0	0	0	0	0	0	0	0	0	0	0	0	0	0	0	0	0	0	0	0	0	0	0	0	0	0	0	0	0	0	0	0	0	0	0	0	0	0	0	0	0	0	0	0	0	0	0	0	0	0	0	0	0	0	0	0	0	0	0	0	0	0	0	0	0	0	0	0	0	0	0	0	0	0	0	0	0	0	0	0	0	0	0	0	0	0	0	0	0	0	0	0	0	43	255	Nihlathaks Temple	To Nihlathaks Temple	A5L13	0	0	0	0	0	0	0	0	0	0	0	0	0	0	0	0	0
Act 5 - Temple 1	122	4	4	89	80	80	2000	2763	0	0	0	0	0	1	1	0	1	1	32	-1	-1	-1	-1	121	123	0	0	0	0	0	0	78	77	-1	-1	-1	-1	-1	-1	0	255	255	255	0	0	1	0	3000	33	66	99	700	0	0	0	0	2	2	71	0	0	0	0	0	0	0	0	0	0	0	0	0	0	0	0	0	0	0	0	0	0	0	0	0	0	0	0	0	0	0	0	0	0	0	0	0	0	0	0	0	0	0	0	0	0	0	0	2	1	71	0	0	0	0	0	0	0	0	0	0	0	0	0	0	0	0	0	0	0	0	0	0	0	0	0	0	0	0	0	0	0	0	0	0	0	0	0	0	0	44	255	Halls of Anguish	To The Halls of Anguish	A5L14	116	117	118	124	125	129	128	0	30	30	30	30	40	25	30	0	0
Act 5 - Temple 2	123	4	4	90	80	80	2000	2943	0	0	0	0	0	1	1	0	1	1	32	-1	-1	-1	-1	122	124	0	0	0	0	0	0	78	77	-1	-1	-1	-1	-1	-1	0	255	255	255	0	0	1	0	2025	34	67	100	700	0	0	0	0	3	3	94	110	0	0	0	0	0	0	0	0	0	0	0	0	0	0	0	0	0	0	0	0	0	0	0	0	0	0	0	0	0	0	0	0	0	0	0	0	0	0	0	0	0	0	0	0	0	0	0	3	2	94	109	0	0	0	0	0	0	0	0	0	0	0	0	0	0	0	0	0	0	0	0	0	0	0	0	0	0	0	0	0	0	0	0	0	0	0	0	0	0	44	35	Halls of Death's Calling	To The Halls of Death's Calling	A5L15	116	117	118	124	125	129	128	0	30	30	30	30	40	25	30	0	0
Act 5 - Temple Boss	124	4	4	91	84	84	2500	1000	0	0	0	0	0	1	1	0	1	2	32	-1	-1	-1	-1	123	0	0	0	0	0	0	0	78	-1	-1	-1	-1	-1	-1	-1	0	255	255	255	0	0	1	0	1000	36	69	102	700	0	0	0	0	3	22	36	111	0	0	0	0	0	0	0	0	0	0	0	0	0	0	0	0	0	0	0	0	0	0	0	0	0	0	0	0	0	0	0	0	0	0	0	0	0	0	0	0	0	0	0	0	0	0	0	3	22	36	110	0	0	0	0	0	0	0	0	0	0	0	0	0	0	0	0	0	0	0	0	0	0	0	0	0	0	0	0	0	0	0	0	0	0	0	0	0	0	45	255	Halls of Vaught	To The Halls of Vaught	A5L17	116	117	118	124	125	129	128	0	30	30	30	30	40	25	30	0	0
Act 5 - Hell 1	125	3	4	92	200	200	2500	1184	0	0	0	0	0	1	1	0	0	1	35	-1	-1	-1	-1	0	0	0	0	0	0	0	0	-1	-1	-1	-1	-1	-1	-1	-1	120	255	255	255	0	1	1	0	3800	39	72	105	800	0	1	1	0	2	72	57	0	0	0	0	0	0	0	0	0	0	0	0	0	0	0	0	0	0	0	0	0	0	0	0	0	0	0	0	0	0	0	0	0	0	0	0	0	0	0	0	0	0	0	0	0	0	0	0	2	44	73	0	0	0	0	0	0	0	0	0	0	0	0	0	0	0	0	0	0	0	0	0	0	0	0	0	0	0	0	0	0	0	0	0	0	0	0	0	0	0	46	255	Hell1	To Hell1	A5L23	48	49	0	0	0	0	0	0	90	60	0	0	0	0	0	0	0
Act 5 - Hell 2	126	3	4	93	200	200	2500	1484	0	0	0	0	0	1	1	0	0	1	35	-1	-1	-1	-1	0	0	0	0	0	0	0	0	-1	-1	-1	-1	-1	-1	-1	-1	120	255	255	255	0	1	1	0	3800	39	72	105	800	0	1	1	0	2	71	45	0	0	0	0	0	0	0	0	0	0	0	0	0	0	0	0	0	0	0	0	0	0	0	0	0	0	0	0	0	0	0	0	0	0	0	0	0	0	0	0	0	0	0	0	0	0	0	0	2	45	73	0	0	0	0	0	0	0	0	0	0	0	0	0	0	0	0	0	0	0	0	0	0	0	0	0	0	0	0	0	0	0	0	0	0	0	0	0	0	0	46	255	Hell2	To Hell2	A5L24	48	49	0	0	0	0	0	0	90	60	0	0	0	0	0	0	0
Act 5 - Hell 3	127	3	4	94	200	200	2500	1784	0	0	0	0	0	1	1	0	0	1	35	-1	-1	-1	-1	0	0	0	0	0	0	0	0	-1	-1	-1	-1	-1	-1	-1	-1	120	255	255	255	0	1	1	0	3800	39	72	105	700	0	1	1	0	2	59	46	0	0	0	0	0	0	0	0	0	0	0	0	0	0	0	0	0	0	0	0	0	0	0	0	0	0	0	0	0	0	0	0	0	0	0	0	0	0	0	0	0	0	0	0	0	0	0	0	2	46	74	0	0	0	0	0	0	0	0	0	0	0	0	0	0	0	0	0	0	0	0	0	0	0	0	0	0	0	0	0	0	0	0	0	0	0	0	0	0	0	46	255	Hell3	To Hell3	A5L25	48	49	0	0	0	0	0	0	90	60	0	0	0	0	0	0	0
Act 5 - Baal Temple 1	128	4	4	95	200	200	2500	2084	0	0	0	0	0	1	1	0	1	1	34	-1	-1	-1	-1	120	129	0	0	0	0	0	0	81	82	-1	-1	-1	-1	-1	-1	0	255	255	255	0	0	1	0	2025	39	72	105	700	0	0	0	0	3	4	39	112	0	0	0	0	0	0	0	0	0	0	0	0	0	0	0	0	0	0	0	0	0	0	0	0	0	0	0	0	0	0	0	0	0	0	0	0	0	0	0	0	0	0	0	0	0	0	0	3	72	39	111	0	0	0	0	0	0	0	0	0	0	0	0	0	0	0	0	0	0	0	0	0	0	0	0	0	0	0	0	0	0	0	0	0	0	0	0	0	0	47	255	The Worldstone Keep Level 1	To The Worldstone Keep Level 1	A5L18	119	120	121	122	106	129	0	0	25	25	35	25	25	25	0	0	0
Act 5 - Baal Temple 2	129	4	4	96	200	200	2500	2384	0	0	0	0	0	1	1	0	1	1	34	-1	-1	-1	-1	128	130	0	0	0	0	0	0	81	82	-1	-1	-1	-1	-1	-1	0	255	255	255	0	0	1	0	2025	40	73	106	700	0	0	0	0	2	30	23	0	0	0	0	0	0	0	0	0	0	0	0	0	0	0	0	0	0	0	0	0	0	0	0	0	0	0	0	0	0	0	0	0	0	0	0	0	0	0	0	0	0	0	0	0	0	0	0	2	73	23	0	0	0	0	0	0	0	0	0	0	0	0	0	0	0	0	0	0	0	0	0	0	0	0	0	0	0	0	0	0	0	0	0	0	0	0	0	0	0	47	38	The Worldstone Keep Level 2	To The Worldstone Keep Level 2	A5L19	119	120	121	122	129	106	0	0	25	25	35	25	26	25	0	0	0
Act 5 - Baal Temple 3	130	4	4	97	200	200	2500	2684	0	0	0	0	0	1	1	0	1	1	34	-1	-1	-1	-1	129	131	0	0	0	0	0	0	81	82	-1	-1	-1	-1	-1	-1	0	255	255	255	0	0	1	0	2025	42	75	108	700	0	0	0	0	3	74	60	113	0	0	0	0	0	0	0	0	0	0	0	0	0	0	0	0	0	0	0	0	0	0	0	0	0	0	0	0	0	0	0	0	0	0	0	0	0	0	0	0	0	0	0	0	0	0	0	3	74	40	112	0	0	0	0	0	0	0	0	0	0	0	0	0	0	0	0	0	0	0	0	0	0	0	0	0	0	0	0	0	0	0	0	0	0	0	0	0	0	47	255	The Worldstone Keep Level 3	To The Worldstone Keep Level 3	A5L20	119	120	121	122	129	106	0	0	25	25	35	25	25	25	0	0	0
Act 5 - Throne Room	131	4	4	98	40	52	3000	1000	0	0	0	0	0	1	1	0	1	2	34	-1	-1	-1	-1	130	132	0	0	0	0	0	0	81	82	-1	-1	-1	-1	-1	-1	0	255	255	255	0	0	1	0	1000	43	76	109	700	0	0	0	0	2	74	40	0	0	0	0	0	0	0	0	0	0	0	0	0	0	0	0	0	0	0	0	0	0	0	0	0	0	0	0	0	0	0	0	0	0	0	0	0	0	0	0	0	0	0	0	0	0	0	0	2	74	40	0	0	0	0	0	0	0	0	0	0	0	0	0	0	0	0	0	0	0	0	0	0	0	0	0	0	0	0	0	0	0	0	0	0	0	0	0	0	0	48	255	Throne of Destruction	To The Throne of Destruction	A5L21	126	127	0	0	0	0	0	0	25	25	0	0	0	0	0	0	0
Act 5 - World Stone	132	4	4	99	55	55	3000	1152	0	0	0	0	0	1	1	0	1	2	34	-1	-1	-1	-1	131	0	0	0	0	0	0	0	81	-1	-1	-1	-1	-1	-1	-1	40	255	255	255	0	1	1	0	0	0	0	0	0	0	0	0	0	0	0	0	0	0	0	0	0	0	0	0	0	0	0	0	0	0	0	0	0	0	0	0	0	0	0	0	0	0	0	0	0	0	0	0	0	0	0	0	0	0	0	0	0	0	0	0	0	0	0	0	0	0	0	0	0	0	0	0	0	0	0	0	0	0	0	0	0	0	0	0	0	0	0	0	0	0	0	0	0	0	0	0	0	0	0	0	0	0	0	0	0	0	49	255	The Worldstone Chamber	To The Worldstone Chamber	A5L22	0	0	0	0	0	0	0	0	0	0	0	0	0	0	0	0	0
