10,
12,
10,
12,
10,
12,
10,
12,
10,
12,
10,
12,
10,
12,
10,
12,
10,
12,
10,
12,
10,
12,
10,
12,
10,
12,
10,
12,
10,
12,
10,
12,
10,
12,
10,
12,
10,
12,
10,
12,
10,
12,
10,
12,
10,
12,
10,
12,
10,
12,
10,
12,
10,
12,
10,
12,
10,
12,
10,
12,
10,
12,
10,
12,
10,
8,
10,
8,
10,
7,
10,
8,
10,
8,
10,
13,
10,
12,
10,
4,
10,
5,
10,
5,
10,
6,
10,
8,
10,
5,
10,
5,
10,
5,
10,
9,
10,
12,
10,
5,
10,
9,
10,
8,
10,
9,
10,
9,
10,
8,
10,
8,
10,
7,
10,
8,
10,
5,
10,
5,
10,
6,
10,
7,
10,
6,
10,
8,
10,
11,
10,
12,
10,
7,
10,
9,
10,
10,
10,
8,
10,
8,
10,
10,
10,
9,
10,
5,
10,
5,
10,
9,
10,
8,
10,
12,
10,
10,
10,
11,
10,
9,
10,
12,
10,
10,
10,
7,
10,
11,
10,
12,
10,
13,
10,
16,
10,
12,
10,
12,
10,
10,
10,
5,
10,
9,
10,
5,
10,
5,
10,
9,
10,
5,
10,
10,
10,
7,
10,
8,
10,
8,
10,
7,
10,
7,
10,
9,
10,
7,
10,
4,
10,
4,
10,
8,
10,
7,
10,
10,
10,
9,
10,
10,
10,
7,
10,
10,
10,
9,
10,
7,
10,
9,
10,
10,
10,
10,
10,
13,
10,
10,
10,
10,
10,
7,
10,
6,
10,
3,
10,
6,
10,
6,
10,
12,
10,
12,
10,
12,
10,
12,
10,
12,
10,
12,
10,
12,
10,
12,
10,
12,
10,
12,
10,
12,
10,
12,
10,
12,
10,
12,
10,
12,
10,
12,
10,
12,
10,
12,
10,
5,
10,
6,
10,
12,
10,
12,
10,
12,
10,
12,
10,
12,
10,
12,
10,
12,
10,
12,
10,
12,
10,
12,
10,
12,
10,
12,
10,
12,
10,
8,
10,
8,
10,
7,
10,
8,
10,
7,
10,
12,
10,
3,
10,
6,
10,
6,
10,
11,
10,
9,
10,
7,
10,
10,
10,
4,
10,
11,
10,
9,
10,
7,
10,
9,
10,
7,
10,
7,
10,
5,
10,
13,
10,
9,
10,
7,
10,
7,
10,
3,
10,
8,
10,
8,
10,
11,
10,
13,
10,
12,
10,
8,
10,
12,
10,
12,
10,
12,
10,
12,
10,
12,
10,
12,
10,
11,
10,
10,
10,
8,
10,
7,
10,
8,
10,
8,
10,
5,
10,
5,
10,
5,
10,
7,
10,
11,
10,
11,
10,
11,
10,
11,
10,
11,
10,
12,
10,
11,
10,
10,
10,
11,
10,
13,
10,
13,
10,
13,
10,
12,
10,
12,
10,
8,
10,
9,
10,
11,
10,
10,
10,
10,
10,
10,
10,
10,
10,
10,
10,
10,
10,
8,
10,
7,
10,
6,
10,
7,
10,
7,
10,
4,
10,
5,
10,
4,
10,
5,
10,
8,
10,
9,
10,
10,
10,
9,
10,
9,
10,
10,
10,
10,
10,
8,
10,
10,
10,
10,
10,
10,
10,
10,
10,
10,
10,
10,
10,
7,
10,
10,
