19,
22,
19,
22,
19,
22,
19,
22,
19,
22,
19,
22,
19,
22,
19,
22,
19,
22,
19,
22,
19,
22,
19,
22,
19,
22,
19,
22,
19,
22,
19,
22,
19,
22,
19,
22,
19,
22,
19,
22,
19,
22,
19,
22,
19,
22,
19,
22,
19,
22,
19,
22,
19,
22,
19,
22,
19,
22,
19,
22,
19,
22,
19,
22,
19,
16,
19,
16,
19,
14,
19,
14,
19,
15,
19,
23,
19,
21,
19,
8,
19,
10,
19,
9,
19,
11,
19,
12,
19,
8,
19,
10,
19,
8,
19,
16,
19,
22,
19,
9,
19,
15,
19,
15,
19,
16,
19,
15,
19,
14,
19,
15,
19,
15,
19,
14,
19,
8,
19,
8,
19,
10,
19,
12,
19,
10,
19,
15,
19,
21,
19,
22,
19,
15,
19,
17,
19,
18,
19,
15,
19,
15,
19,
17,
19,
16,
19,
8,
19,
8,
19,
17,
19,
14,
19,
22,
19,
19,
19,
21,
19,
14,
19,
21,
19,
18,
19,
14,
19,
20,
19,
23,
19,
23,
19,
31,
19,
22,
19,
22,
19,
16,
19,
9,
19,
16,
19,
8,
19,
10,
19,
15,
19,
8,
19,
19,
19,
12,
19,
15,
19,
16,
19,
13,
19,
12,
19,
15,
19,
14,
19,
7,
19,
8,
19,
14,
19,
12,
19,
19,
19,
16,
19,
18,
19,
13,
19,
18,
19,
16,
19,
13,
19,
17,
19,
19,
19,
19,
19,
24,
19,
18,
19,
19,
19,
14,
19,
12,
19,
6,
19,
12,
19,
11,
19,
21,
19,
21,
19,
21,
19,
21,
19,
21,
19,
21,
19,
21,
19,
21,
19,
21,
19,
21,
19,
21,
19,
21,
19,
21,
19,
21,
19,
21,
19,
21,
19,
21,
19,
21,
19,
8,
19,
8,
19,
21,
19,
21,
19,
21,
19,
21,
19,
21,
19,
21,
19,
21,
19,
21,
19,
21,
19,
21,
19,
21,
19,
21,
19,
21,
19,
16,
19,
16,
19,
13,
19,
14,
19,
14,
19,
22,
19,
7,
19,
12,
19,
10,
19,
21,
19,
14,
19,
14,
19,
18,
19,
10,
19,
21,
19,
10,
19,
11,
19,
15,
19,
11,
19,
11,
19,
9,
19,
24,
19,
15,
19,
14,
19,
15,
19,
7,
19,
14,
19,
13,
19,
20,
19,
20,
19,
22,
19,
15,
19,
22,
19,
23,
19,
22,
19,
22,
19,
22,
19,
22,
19,
21,
19,
17,
19,
15,
19,
15,
19,
15,
19,
15,
19,
9,
19,
9,
19,
9,
19,
10,
19,
18,
19,
19,
19,
21,
19,
21,
19,
20,
19,
21,
19,
21,
19,
15,
19,
21,
19,
23,
19,
24,
19,
23,
19,
23,
19,
22,
19,
14,
19,
16,
19,
18,
19,
18,
19,
18,
19,
18,
19,
18,
19,
19,
19,
18,
19,
15,
19,
13,
19,
12,
19,
12,
19,
12,
19,
8,
19,
8,
19,
9,
19,
9,
19,
14,
19,
16,
19,
18,
19,
18,
19,
18,
19,
18,
19,
18,
19,
14,
19,
18,
19,
19,
19,
19,
19,
19,
19,
19,
19,
18,
19,
12,
19,
18,
