27,
29,
27,
29,
27,
29,
27,
29,
27,
29,
27,
29,
27,
29,
27,
29,
27,
29,
27,
29,
27,
29,
27,
29,
27,
29,
27,
29,
27,
29,
27,
29,
27,
29,
27,
29,
27,
29,
27,
29,
27,
29,
27,
29,
27,
29,
27,
29,
27,
29,
27,
29,
27,
29,
27,
29,
27,
29,
27,
29,
27,
29,
27,
29,
27,
21,
27,
21,
27,
18,
27,
19,
27,
19,
27,
31,
27,
28,
27,
10,
27,
12,
27,
12,
27,
14,
27,
16,
27,
11,
27,
13,
27,
10,
27,
21,
27,
29,
27,
12,
27,
21,
27,
20,
27,
22,
27,
20,
27,
19,
27,
20,
27,
19,
27,
20,
27,
10,
27,
11,
27,
13,
27,
15,
27,
13,
27,
19,
27,
28,
27,
30,
27,
20,
27,
23,
27,
24,
27,
20,
27,
19,
27,
23,
27,
22,
27,
11,
27,
11,
27,
23,
27,
19,
27,
30,
27,
26,
27,
28,
27,
20,
27,
28,
27,
25,
27,
19,
27,
28,
27,
31,
27,
31,
27,
41,
27,
29,
27,
29,
27,
22,
27,
11,
27,
21,
27,
11,
27,
12,
27,
21,
27,
12,
27,
26,
27,
17,
27,
20,
27,
21,
27,
17,
27,
17,
27,
20,
27,
19,
27,
10,
27,
10,
27,
19,
27,
17,
27,
24,
27,
21,
27,
23,
27,
17,
27,
24,
27,
21,
27,
16,
27,
23,
27,
25,
27,
26,
27,
33,
27,
24,
27,
24,
27,
18,
27,
16,
27,
7,
27,
15,
27,
13,
27,
29,
27,
29,
27,
29,
27,
29,
27,
29,
27,
29,
27,
29,
27,
29,
27,
29,
27,
29,
27,
29,
27,
29,
27,
29,
27,
29,
27,
29,
27,
29,
27,
29,
27,
29,
27,
12,
27,
11,
27,
29,
27,
29,
27,
29,
27,
29,
27,
29,
27,
29,
27,
29,
27,
29,
27,
29,
27,
29,
27,
29,
27,
29,
27,
29,
27,
21,
27,
21,
27,
18,
27,
20,
27,
19,
27,
29,
27,
6,
27,
16,
27,
14,
27,
28,
27,
19,
27,
17,
27,
24,
27,
13,
27,
28,
27,
13,
27,
14,
27,
20,
27,
15,
27,
14,
27,
11,
27,
32,
27,
20,
27,
20,
27,
19,
27,
9,
27,
18,
27,
18,
27,
27,
27,
25,
27,
30,
27,
19,
27,
29,
27,
30,
27,
30,
27,
30,
27,
30,
27,
30,
27,
29,
27,
23,
27,
19,
27,
18,
27,
19,
27,
19,
27,
13,
27,
13,
27,
13,
27,
14,
27,
25,
27,
26,
27,
28,
27,
28,
27,
29,
27,
29,
27,
29,
27,
20,
27,
28,
27,
30,
27,
31,
27,
31,
27,
32,
27,
30,
27,
19,
27,
22,
27,
26,
27,
25,
27,
25,
27,
25,
27,
25,
27,
25,
27,
24,
27,
20,
27,
16,
27,
16,
27,
16,
27,
15,
27,
11,
27,
11,
27,
11,
27,
11,
27,
18,
27,
22,
27,
24,
27,
24,
27,
24,
27,
24,
27,
24,
27,
18,
27,
24,
27,
25,
27,
25,
27,
26,
27,
26,
27,
24,
27,
16,
27,
24,
